0.09	2.3299
0.19	2.4721
0.29	3.0061
0.39	3.6833
0.49	4.0627
0.59	3.7797
0.69	3.8165
0.79	3.6378
0.89	3.5411
0.99	3.5612
1.09	3.6305
1.19	3.2925
1.29	3.2133
1.39	3.5494
1.48	3.5458
1.59	3.3223
1.69	2.8692
1.79	3.0511
1.89	3.2282
1.99	2.9652
2.09	2.7836
2.19	3.1034
2.29	2.8304
2.39	3.1732
2.49	2.806
2.58	2.0837
2.69	3.7586
2.79	3.8627
2.89	3.9077
2.98	3.654
3.09	3.6561
3.19	3.4163
3.29	3.6882
3.39	3.5464
3.49	3.3924
3.59	3.4724
3.69	3.4975
3.79	3.2974
3.89	2.7898
3.99	2.7894
4.08	2.7495
4.14	2.5561
4.59	3.3158
4.69	3.5107
4.79	3.5009
4.89	2.7105
4.99	2.78
5.09	2.5389
5.19	3.3798
5.29	3.7265
5.39	3.6741
5.49	3.5614
5.58	3.6072
5.68	3.5172
5.79	3.6453
5.89	3.2777
5.98	2.966
6.09	2.9366
6.19	2.8293
6.29	3.3987
6.74	2.9632
6.84	2.412
6.94	2.6688
7.04	3.431
7.14	2.9966
7.24	3.4958
7.34	3.6898
7.44	3.5904
7.54	3.4691
7.64	3.2385
7.74	3.4303
7.84	3.3883
7.94	3.394
8.04	3.2798
8.13	2.8427
8.24	2.9005
8.34	2.6024
8.44	2.502
8.54	2.4554
8.64	2.3925
8.74	3.817
8.84	2.9792
8.94	3.0932
9.04	4.0053
9.14	4.0258
9.24	3.929
9.34	3.6337
9.44	3.7874
9.54	3.6096
9.63	3.4746
9.74	3.512
9.84	3.56
9.94	3.966
10.04	3.498
10.14	3.376
10.24	2.992
10.34	2.637
10.44	2.9326
10.54	3.003
10.64	3.105
10.74	3.005
10.84	3.338
10.94	3.246
11.04	3.107
11.13	3.062
11.24	3.284
11.34	3.134
11.44	3.685
11.54	3.545
11.64	3.6482
11.74	3.419
11.84	3.3519
11.94	3.194
12.04	2.9612
12.14	2.937
12.23	2.95
12.34	2.467
12.44	2.6781
12.54	3.16
12.74	3.4858
12.84	3.34
12.94	3.03
13.04	2.9595
13.14	3.206
13.24	2.852
13.34	3.089
13.44	2.9841
13.54	2.6128
13.64	3.7771
13.73	4.1851
13.84	3.6368
13.94	4.1405
14.04	3.9157
14.13	3.7177
14.24	3.5243
14.34	3.6229
14.44	3.6458
14.51	3.6149
14.64	3.6125
14.74	3.4831
14.84	3.3882
14.94	3.2846
15.04	3.428
15.14	2.7165
15.23	2.7213
15.34	2.9111
15.44	3.2151
15.54	3.1869
15.63	3.3489
15.74	3.6423
15.84	3.7426
15.92	3.6618
16.04	3.2934
16.14	3.3456
16.24	3.4707
16.32	3.4787
16.81	3.3265
16.91	2.8102
17.11	3.7038
17.21	3.6024
17.31	3.5009
17.41	3.0379
17.51	3.0471
17.61	2.899
17.71	3.0301
17.79	2.9503
17.9	2.8462
18.01	2.6331
18.11	2.5881
18.2	2.6885
18.31	2.5883
18.41	3.3691
18.61	3.778
18.74	3.4153
18.83	3.6638
18.91	3.3594
19.01	3.3775
19.1	3.3255
19.21	3.2254
19.31	3.2744
19.4	3.1575
19.51	3.4468
19.81	3.2691
19.91	2.7564
20.11	2.6579
20.21	2.4795
20.31	2.5195
20.41	2.9804
20.51	3.247
20.61	3.1859
20.71	3.3185
20.79	3.5306
20.9	2.8861
21.01	2.9872
21.11	2.7172
21.2	3.1505
21.31	3.195
21.41	3.0677
21.61	2.9015
21.71	2.9982
21.81	3.4368
21.93	3.5084
22.01	3.0541
22.11	2.8292
22.21	3.3022
22.31	2.7438
22.81	3.8157
22.91	3.0039
23.11	3.1652
23.21	2.7869
23.31	2.5686
23.41	2.8508
23.51	2.4404
23.61	2.8698
23.71	2.9586
23.83	2.9268
23.9	3.0622
24.01	3.1778
24.11	3.0383
24.2	2.7816
24.31	2.8108
24.41	3.1641
24.61	3.3338
24.71	3.5129
24.81	3.1589
24.91	2.9435
25.01	2.8836
25.11	2.9313
25.21	2.7441
25.31	2.8478
25.4	3.0092
25.51	2.9102
25.61	2.9532
25.7	2.9585
25.81	3.0375
25.91	3.4944
26.11	3.4418
26.21	3.0542
26.31	3.4752
26.41	3.1826
26.48	3.1382
26.58	3.1376
26.88	2.6479
26.98	3.1393
27.08	3.0529
27.18	3.1842
27.3	3.2556
27.58	3.1402
27.69	2.8714
27.78	2.8588
27.87	2.8279
27.98	3.4213
28.08	3.3888
28.13	3.2793
28.28	3.2629
28.38	3.4377
28.48	2.6577
28.58	2.8162
28.68	3.1019
28.79	3.2062
28.88	3.2345
28.99	3.3342
29.19	3.2135
29.28	2.8687
29.37	2.6355
29.48	2.7631
29.58	2.5526
29.67	2.7059
29.79	3.1568
29.88	2.8894
29.98	3.2978
30.08	3.3867
30.18	2.9126
30.29	2.6455
30.38	2.7127
30.49	2.6485
30.69	3.376
30.78	3.1701
30.87	3.3021
30.98	3.1402
31.08	2.7461
31.18	2.5396
31.3	2.4449
31.38	2.488
31.48	2.446
31.58	2.7641
31.68	2.9278
31.78	3.0767
31.88	3.4616
32	3.4809
32.08	2.8854
32.19	3.0454
32.28	2.5469
32.48	3.4104
32.58	2.4955
32.68	2.6233
32.8	3.366
32.88	3.4371
32.98	3.4344
33.08	3.1191
33.18	2.8469
33.28	2.8479
33.38	2.6707
33.5	3.4413
33.69	3.6902
33.78	3.2133
33.87	3.0825
33.98	2.9931
34.08	2.6915
34.18	2.8083
34.3	2.9725
34.38	3.1545
34.48	3.3854
34.58	3.3742
34.68	2.9313
34.78	2.7328
34.88	3.0184
35	2.6633
35.19	2.8372
35.28	2.8366
35.37	2.8023
35.48	2.9478
35.58	2.8464
35.68	2.7148
35.8	2.7038
35.88	2.9714
35.98	3.202
36.09	3.3889
36.92	3.1158
37.02	3.4238
37.12	3.1226
37.23	2.9015
37.32	2.8754
37.42	3.2392
37.52	2.8737
37.62	2.7233
37.72	3.0172
37.82	3.2975
37.89	2.8221
38	2.6719
38.12	2.6712
38.22	2.7018
38.31	2.9297
38.42	2.9103
38.52	3.1417
38.62	3.2535
38.82	3.1141
38.92	2.9513
39.02	2.6758
39.12	3.0783
39.22	2.8094
39.32	2.9201
39.4	2.8174
39.51	2.8944
39.62	3.3107
39.72	3.2651
39.81	2.9222
39.92	2.9743
40.02	2.9292
40.12	2.82
40.32	3.1149
40.42	2.9626
40.52	2.872
40.62	2.9859
40.72	2.8911
40.82	2.9281
40.9	2.6868
41.01	2.7042
41.12	2.6305
41.22	2.8829
41.31	2.9592
41.42	3.3224
41.52	3.3245
41.62	3.2327
41.82	3.1039
41.92	2.8301
42.02	2.9992
42.12	2.8914
42.22	2.647
42.32	2.6911
42.39	2.6591
42.52	2.5116
42.62	2.8202
42.72	3.2837
42.92	3.169
43.02	2.7353
43.12	2.7066
43.23	2.5156
43.32	3.0027
43.42	2.7262
43.52	2.8187
43.62	3.0651
43.72	2.9036
43.82	3.0754
43.9	2.989
44.02	2.7722
44.12	2.7208
44.22	2.387
44.31	2.5471
44.42	2.5528
44.52	2.7023
44.62	2.5057
44.82	2.9848
44.92	3.0227
45.02	2.9395
45.12	2.7741
45.22	2.8844
45.32	2.8838
45.4	2.8209
45.52	2.8626
45.62	2.6957
45.72	3.2339
45.81	3.2333
45.92	3.458
46.02	3.2454
46.12	3.2208
46.32	3.0925
46.42	2.8845
46.52	2.8752
47.33	3.1281
47.43	3.0187
47.53	2.9003
47.65	2.9069149
47.73	3.031
47.83	3.2923547
47.95	3.4703
48.06	3.2886215
48.14	3.1387
48.23	3.1378218
48.32	3.1973
48.44	3.1407629
48.54	3.0093
48.63	2.8859298
48.75	2.7868
48.83	2.7907403
48.93	2.8231
49.03	2.825121
49.15	2.8352
49.23	2.8809312
49.33	2.9425
49.45	2.9575231
49.56	2.954
49.64	2.9652871
49.73	2.9536
49.82	2.8754855
49.94	2.7173
50.04	2.6014534
50.13	2.5355
50.25	2.535851
50.33	2.5593
50.43	2.5993209
50.53	2.7203
50.65	2.9978665
50.73	3.0932
50.83	2.9579369
50.95	2.6744
51.06	2.5722779
51.14	2.5728
51.23	2.6038642
51.32	2.7165
51.44	3.02982
51.54	3.2422
51.63	3.2590616
51.75	3.1623
51.83	3.1220045
51.93	3.0021
52.03	2.7021542
52.15	2.3946
52.23	2.4036739
52.33	2.5728
52.45	2.73
52.56	2.8529
52.64	3.2125
52.73	3.003
52.82	2.8992
52.94	2.8224
53.33	2.6682
53.43	2.4662
53.53	2.695
53.65	2.4382
53.73	2.8461
53.83	2.8521
53.95	3.3253
54.06	3.1894
54.14	2.9816
54.23	3.2035
54.32	2.857
54.44	2.8676
54.54	2.4063
54.63	2.5863
54.75	2.5076
54.83	2.58675
54.93	2.6659
55.03	2.9929
55.15	2.893
55.23	3.0445
55.33	2.7321
55.45	2.787
55.56	2.6513
55.64	2.7132
55.73	2.6041
55.82	2.3262
55.94	2.5893
56.04	2.6086
56.13	3.0376
56.25	3.1709
56.33	3.5224
56.43	3.46
56.53	3.2382
56.65	3.4536
56.73	3.3947
56.83	3.2771
56.95	3.2137
57.06	3.0286
57.15	2.8999
57.2	2.7712
57.64	3.4592
57.74	3.1609
57.84	3.0713
57.94	2.8838
58.04	2.6586
58.14	2.6541
58.24	3.0019
58.34	3.1324
58.44	3.3364
58.54	3.5188
58.64	3.3302
58.74	3.2594
58.84	3.2146
58.94	3.023
59.04	2.618
59.14	2.8899
59.24	2.5616
59.34	2.5651
59.44	2.9373
59.54	2.8675
59.64	2.6785
59.74	2.7654
59.84	3.0988
59.94	2.813
60.04	2.666
60.14	2.6632
60.34	2.7866
60.44	2.7869
60.54	3.123
60.64	3.2827
60.74	3.2904
60.84	2.8684
60.94	2.9932
61.04	2.6605
61.14	2.6787
61.24	2.8393
61.34	3.1907
61.44	2.9097
61.54	2.9838
61.64	3.1015
61.74	3.1788
61.84	3.2285
61.94	3.2912
62.04	2.9683
62.14	2.8309
62.24	2.7259
62.34	2.5671
62.44	2.6511
62.54	2.754
62.64	2.5704
62.74	2.823
62.84	2.9528
62.94	3.0066
63.04	3.1627
63.14	3.3363
63.24	3.0833
63.34	3.1411
63.44	3.0549
63.54	3.1287
63.64	2.8857
63.74	3.2955
63.84	3.2752
63.94	3.3315
64.04	3.1014
64.14	3.0912
64.24	2.7212
64.34	3.044
64.44	2.6696
64.54	2.6882
64.64	2.6426
64.74	2.6448
64.84	2.5228
64.94	2.5107
65.04	2.5933
65.14	2.6807
65.24	2.7642
65.34	2.4773
65.44	2.7077
65.54	3.0018
65.64	2.7927
65.74	2.7455
65.84	2.7149
65.94	2.6529
66.04	2.71
66.14	2.7265
66.24	2.7665
66.34	2.7873
66.44	2.6227
66.54	2.7304
66.64	2.9337
66.74	3.1744
66.84	3.1503
66.94	3.1321
67.04	2.9954
67.11	2.9542
67.21	2.9284
67.86	2.6535
67.96	2.9057
68.06	3.0529
68.16	2.8846
68.26	3.0862
68.36	2.9152
68.46	2.8122
68.56	2.7092
68.66	2.6408
68.76	2.595
68.86	2.5906
68.96	2.5494
69.06	2.7753
69.16	2.8444
69.26	2.8368
69.36	2.9244
69.46	2.8839
69.56	2.9116
69.66	2.6152
69.76	2.705
69.86	2.6774
69.96	2.6608
70.06	2.8039
70.16	2.821
70.26	2.7303
70.36	2.7908
70.46	2.8513
70.56	2.8401
70.66	2.7329
70.76	2.862
70.86	2.4967
70.96	2.4169
71.06	2.3358
71.16	2.6591
71.26	2.6931
71.36	2.7271
71.46	2.5987
71.56	2.7875
71.66	2.9763
71.76	2.7672
71.86	2.8532
71.96	2.8147
72.06	2.9138
72.16	2.7027
72.26	2.6569
72.36	2.6292
72.46	2.6015
72.56	2.6836
72.66	2.6613
72.76	2.8193
72.86	2.9478
72.96	2.7176
73.06	2.8427
73.16	3.0091
73.26	2.9571
73.36	2.9659
73.46	2.9747
73.56	2.7846
73.66	2.7476
73.76	2.6083
73.86	2.5104
73.96	2.621
74.06	2.8541
74.16	2.7024
74.26	2.8368
74.36	2.6831
74.46	2.4193
74.56	2.6356
74.66	2.5357
74.76	2.6598
74.86	2.4422
74.96	2.4243
75.06	2.5498
75.16	2.5073
75.26	2.4663
75.36	2.5586
75.46	2.4606
75.56	2.6386
75.66	2.5556
75.76	2.5617
75.86	2.6067
75.96	2.7468
76.06	2.5835
76.16	2.9388
76.26	2.5133
76.36	2.67
76.46	2.708
76.56	2.7276
76.66	2.7472
76.76	2.8853
76.86	2.7848
76.96	2.6611
77.06	2.7546
77.16	2.7119
77.26	2.4993
77.36	2.53
77.48	2.56
77.58	2.5871
78.17	2.5733
78.27	2.7244
78.37	2.5239
78.47	2.6814
78.57	2.735
78.67	2.5499
78.77	2.4586
78.87	2.5296
78.97	2.5979
79.07	2.5356
79.17	2.6021
79.27	2.6372
79.37	2.49
79.47	2.6498
79.57	2.4905
79.67	2.6655
79.77	2.6815
79.87	2.5134
79.97	2.8191
80.07	2.6188
80.17	2.4186
80.27	2.7524
80.37	2.69005
80.47	2.6277
80.57	2.5496
80.67	2.6859
80.77	2.7228
80.87	2.8607
80.97	2.8953
81.07	2.6696
81.17	2.5357
81.27	2.7444
81.37	2.6603
81.47	2.752
81.57	2.6973
81.67	2.8095
81.77	2.8543
81.87	2.8184
81.97	3.0771
82.07	3.2256
82.17	3.1582
82.27	3.0758
82.37	3.0131
82.47	2.7868
82.57	2.8754
82.67	2.8787
82.77	2.861
82.87	2.5132
82.97	2.4734
83.07	2.4774
83.17	2.4875
83.27	2.6238
83.37	2.4948
83.47	2.7692
83.57	2.7426
83.67	2.3421
83.77	2.5699
84.17	2.6619
84.27	2.6449
84.37	2.6411
84.47	2.58445
84.57	2.5278
84.67	2.567
84.77	2.746
84.87	2.8571
84.97	2.915
85.07	2.8621
85.17	2.8021
85.27	2.7655
85.37	2.7193
85.47	2.5957
85.57	2.4674
85.67	2.5498
85.77	2.5444
85.87	2.3611
85.97	2.5033
86.07	2.4997
86.17	2.5603
86.27	2.4646
86.37	2.2997
86.47	2.3797
86.57	2.3019
86.67	2.2653
86.77	2.4058
86.87	2.3325
86.97	2.598
87.07	2.4238
87.17	2.5734
87.27	2.4899
87.37	2.3066
87.47	2.2718
87.57	2.2459
87.67	2.1894
87.77	2.466
87.87	2.1474
87.97	2.4864
88.06	2.4837
88.14	2.3802
88.84	2.4621
88.94	2.3544
89.04	2.3303
89.14	2.3676
89.24	2.4049
89.34	2.266
89.44	2.4038
89.54	2.46895
89.64	2.5341
89.74	2.4548
89.84	2.6175
89.94	2.65175
90.04	2.686
90.14	2.4289
90.24	2.4208
90.34	2.5039
90.44	2.4226
90.54	2.40675
90.64	2.3909
90.74	2.4191
90.84	2.2902
90.94	2.3365
91.04	2.3828
91.14	2.3757
91.24	2.4352
91.34	2.2746
91.44	2.3764
91.54	2.5504
91.64	2.2619
91.74	2.7227
91.84	2.5008
91.94	2.5663
92.04	2.6494
92.14	2.4646
92.24	2.6953
92.34	2.4628
92.44	2.3847
92.54	2.4363
92.64	2.3587
92.74	2.3992
92.84	2.3753
92.94	2.5595
93.04	2.7079
93.14	2.5597
93.24	2.548
93.34	2.4716
93.44	2.4336
93.54	2.3709
93.64	2.4937
93.74	2.3903
93.84	2.382
93.94	2.3523
94.04	2.3359
94.14	2.35045
94.24	2.365
94.34	2.5252
94.44	2.6045
94.54	2.5217
94.64	2.6093
94.74	2.702
94.84	2.8832
94.94	2.7532
95.04	2.6019
95.14	2.6048
95.24	2.313
95.34	2.3729
95.44	2.3421
95.54	2.3103
95.64	2.2785
95.74	2.392
95.84	2.5287
95.94	2.4584
96.04	2.6298
96.14	2.7053
96.24	2.7255
96.34	2.7857
96.44	2.649
96.54	2.3271
96.64	2.3189
96.74	2.2557
96.84	2.4342
96.94	2.1743
97.04	2.1556
97.14	2.5384
97.24	2.1726
97.34	2.2078
97.44	2.3823
97.54	2.4634
97.74	2.6155
97.84	2.7274
97.93	2.7228
97.97	2.3559
98.07	2.353
99.72	2.3501
100.12	2.4841
100.22	2.4383
100.32	2.371
100.42	2.2968
100.52	2.3323
100.62	2.3027
100.72	2.184
100.82	2.5734
100.92	2.5126
101.02	2.3445
101.13	2.5353
101.22	2.2633
101.32	2.2862
101.42	2.2975
101.52	2.3552
101.62	2.3401
101.72	2.2379
101.82	2.5169
101.92	2.6144
102.02	2.5467
102.12	2.3532
102.22	2.4835
102.32	2.2916
102.42	2.3187
102.52	2.3026
102.63	2.583
102.72	2.6294
102.82	2.6273
102.92	2.2899
103.12	2.2306
103.22	2.2096
103.32	2.1327
103.42	2.5228
103.52	2.373
103.62	2.4651
103.72	2.3173
103.82	2.6145
103.92	2.2824
104.02	2.2977
104.13	2.6352
104.22	2.5513
104.32	2.7567
104.42	2.4934
104.52	2.4709
104.62	2.3947
104.72	2.2019
104.82	2.4334
104.92	2.2876
105.02	2.4424
105.12	2.1842
105.22	2.3834
105.32	2.3633
105.42	2.5654
105.52	2.3612
105.63	2.2063
105.72	2.4728
105.82	2.3894
105.92	2.4413
106.02	2.547
106.12	2.718
106.22	2.5021
106.32	2.4118
106.42	2.2302
106.52	2.3208
106.62	2.2363
106.75	2.3276
106.82	2.3187
106.92	2.2996
107.02	2.4659
107.13	2.3666
107.22	2.3411
107.32	2.3188
107.42	2.4096
107.52	2.4592
107.62	2.4062
107.72	2.455
107.82	2.3927
107.92	2.531
108.02	2.7025
108.12	2.6923
108.25	2.645
108.32	2.5709
108.42	2.53595
108.52	2.501
108.63	2.5863
108.72	2.3843
108.82	2.5353
108.92	2.3885
109.02	2.3944
109.12	2.5738
109.22	2.6962
109.32	2.6774
