  0.0000000e+000  9.0000000e-002  2.3299000e+000
  0.0000000e+000  1.9000000e-001  2.4721000e+000
  0.0000000e+000  2.9000000e-001  3.0061000e+000
  0.0000000e+000  3.9000000e-001  3.6833000e+000
  0.0000000e+000  4.9000000e-001  4.0627000e+000
  0.0000000e+000  5.9000000e-001  3.7797000e+000
  0.0000000e+000  6.9000000e-001  3.8165000e+000
  0.0000000e+000  7.9000000e-001  3.6378000e+000
  0.0000000e+000  8.9000000e-001  3.5411000e+000
  0.0000000e+000  9.9000000e-001  3.5612000e+000
  0.0000000e+000  1.0900000e+000  3.6305000e+000
  0.0000000e+000  1.1900000e+000  3.2925000e+000
  0.0000000e+000  1.2900000e+000  3.2133000e+000
  0.0000000e+000  1.3900000e+000  3.5494000e+000
  0.0000000e+000  1.4800000e+000  3.5458000e+000
  0.0000000e+000  1.5900000e+000  3.3223000e+000
  0.0000000e+000  1.6900000e+000  2.8692000e+000
  0.0000000e+000  1.7900000e+000  3.0511000e+000
  0.0000000e+000  1.8900000e+000  3.2282000e+000
  0.0000000e+000  1.9900000e+000  2.9652000e+000
  0.0000000e+000  2.0900000e+000  2.7836000e+000
  0.0000000e+000  2.1900000e+000  3.1034000e+000
  0.0000000e+000  2.2900000e+000  2.8304000e+000
  0.0000000e+000  2.3900000e+000  3.1732000e+000
  0.0000000e+000  2.4900000e+000  2.8060000e+000
  0.0000000e+000  2.5800000e+000  2.0837000e+000
  0.0000000e+000  2.6900000e+000  3.7586000e+000
  0.0000000e+000  2.7900000e+000  3.8627000e+000
  0.0000000e+000  2.8900000e+000  3.9077000e+000
  0.0000000e+000  2.9800000e+000  3.6540000e+000
  0.0000000e+000  3.0900000e+000  3.6561000e+000
  0.0000000e+000  3.1900000e+000  3.4163000e+000
  0.0000000e+000  3.2900000e+000  3.6882000e+000
  0.0000000e+000  3.3900000e+000  3.5464000e+000
  0.0000000e+000  3.4900000e+000  3.3924000e+000
  0.0000000e+000  3.5900000e+000  3.4724000e+000
  0.0000000e+000  3.6900000e+000  3.4975000e+000
  0.0000000e+000  3.7900000e+000  3.2974000e+000
  0.0000000e+000  3.8900000e+000  2.7898000e+000
  0.0000000e+000  3.9900000e+000  2.7894000e+000
  0.0000000e+000  4.0800000e+000  2.7495000e+000
  0.0000000e+000  4.1400000e+000  2.5561000e+000
  0.0000000e+000  4.5900000e+000  3.3158000e+000
  0.0000000e+000  4.6900000e+000  3.5107000e+000
  0.0000000e+000  4.7900000e+000  3.5009000e+000
  0.0000000e+000  4.8900000e+000  2.7105000e+000
  0.0000000e+000  4.9900000e+000  2.7800000e+000
  0.0000000e+000  5.0900000e+000  2.5389000e+000
  0.0000000e+000  5.1900000e+000  3.3798000e+000
  0.0000000e+000  5.2900000e+000  3.7265000e+000
  0.0000000e+000  5.3900000e+000  3.6741000e+000
  0.0000000e+000  5.4900000e+000  3.5614000e+000
  0.0000000e+000  5.5800000e+000  3.6072000e+000
  0.0000000e+000  5.6800000e+000  3.5172000e+000
  0.0000000e+000  5.7900000e+000  3.6453000e+000
  0.0000000e+000  5.8900000e+000  3.2777000e+000
  0.0000000e+000  5.9800000e+000  2.9660000e+000
  0.0000000e+000  6.0900000e+000  2.9366000e+000
  0.0000000e+000  6.1900000e+000  2.8293000e+000
  0.0000000e+000  6.2900000e+000  3.3987000e+000
  0.0000000e+000  6.7400000e+000  2.9632000e+000
  0.0000000e+000  6.8400000e+000  2.4120000e+000
  0.0000000e+000  6.9400000e+000  2.6688000e+000
  0.0000000e+000  7.0400000e+000  3.4310000e+000
  0.0000000e+000  7.1400000e+000  2.9966000e+000
  0.0000000e+000  7.2400000e+000  3.4958000e+000
  0.0000000e+000  7.3400000e+000  3.6898000e+000
  0.0000000e+000  7.4400000e+000  3.5904000e+000
  0.0000000e+000  7.5400000e+000  3.4691000e+000
  0.0000000e+000  7.6400000e+000  3.2385000e+000
  0.0000000e+000  7.7400000e+000  3.4303000e+000
  0.0000000e+000  7.8400000e+000  3.3883000e+000
  0.0000000e+000  7.9400000e+000  3.3940000e+000
  0.0000000e+000  8.0400000e+000  3.2798000e+000
  0.0000000e+000  8.1300000e+000  2.8427000e+000
  0.0000000e+000  8.2400000e+000  2.9005000e+000
  0.0000000e+000  8.3400000e+000  2.6024000e+000
  0.0000000e+000  8.4400000e+000  2.5020000e+000
  0.0000000e+000  8.5400000e+000  2.4554000e+000
  0.0000000e+000  8.6400000e+000  2.3925000e+000
  0.0000000e+000  8.7400000e+000  3.8170000e+000
  0.0000000e+000  8.8400000e+000  2.9792000e+000
  0.0000000e+000  8.9400000e+000  3.0932000e+000
  0.0000000e+000  9.0400000e+000  4.0053000e+000
  0.0000000e+000  9.1400000e+000  4.0258000e+000
  0.0000000e+000  9.2400000e+000  3.9290000e+000
  0.0000000e+000  9.3400000e+000  3.6337000e+000
  0.0000000e+000  9.4400000e+000  3.7874000e+000
  0.0000000e+000  9.5400000e+000  3.6096000e+000
  0.0000000e+000  9.6300000e+000  3.4746000e+000
  0.0000000e+000  9.7400000e+000  3.5120000e+000
  0.0000000e+000  9.8400000e+000  3.5600000e+000
  0.0000000e+000  9.9400000e+000  3.9660000e+000
  0.0000000e+000  1.0040000e+001  3.4980000e+000
  0.0000000e+000  1.0140000e+001  3.3760000e+000
  0.0000000e+000  1.0240000e+001  2.9920000e+000
  0.0000000e+000  1.0340000e+001  2.6370000e+000
  0.0000000e+000  1.0440000e+001  2.9326000e+000
  0.0000000e+000  1.0540000e+001  3.0030000e+000
  0.0000000e+000  1.0640000e+001  3.1050000e+000
  0.0000000e+000  1.0740000e+001  3.0050000e+000
  0.0000000e+000  1.0840000e+001  3.3380000e+000
  0.0000000e+000  1.0940000e+001  3.2460000e+000
  0.0000000e+000  1.1040000e+001  3.1070000e+000
  0.0000000e+000  1.1130000e+001  3.0620000e+000
  0.0000000e+000  1.1240000e+001  3.2840000e+000
  0.0000000e+000  1.1340000e+001  3.1340000e+000
  0.0000000e+000  1.1440000e+001  3.6850000e+000
  0.0000000e+000  1.1540000e+001  3.5450000e+000
  0.0000000e+000  1.1640000e+001  3.6482000e+000
  0.0000000e+000  1.1740000e+001  3.4190000e+000
  0.0000000e+000  1.1840000e+001  3.3519000e+000
  0.0000000e+000  1.1940000e+001  3.1940000e+000
  0.0000000e+000  1.2040000e+001  2.9612000e+000
  0.0000000e+000  1.2140000e+001  2.9370000e+000
  0.0000000e+000  1.2230000e+001  2.9500000e+000
  0.0000000e+000  1.2340000e+001  2.4670000e+000
  0.0000000e+000  1.2440000e+001  2.6781000e+000
  0.0000000e+000  1.2540000e+001  3.1600000e+000
  0.0000000e+000  1.2740000e+001  3.4858000e+000
  0.0000000e+000  1.2840000e+001  3.3400000e+000
  0.0000000e+000  1.2940000e+001  3.0300000e+000
  0.0000000e+000  1.3040000e+001  2.9595000e+000
  0.0000000e+000  1.3140000e+001  3.2060000e+000
  0.0000000e+000  1.3240000e+001  2.8520000e+000
  0.0000000e+000  1.3340000e+001  3.0890000e+000
  0.0000000e+000  1.3440000e+001  2.9841000e+000
  0.0000000e+000  1.3540000e+001  2.6128000e+000
  0.0000000e+000  1.3640000e+001  3.7771000e+000
  0.0000000e+000  1.3730000e+001  4.1851000e+000
  0.0000000e+000  1.3840000e+001  3.6368000e+000
  0.0000000e+000  1.3940000e+001  4.1405000e+000
  0.0000000e+000  1.4040000e+001  3.9157000e+000
  0.0000000e+000  1.4130000e+001  3.7177000e+000
  0.0000000e+000  1.4240000e+001  3.5243000e+000
  0.0000000e+000  1.4340000e+001  3.6229000e+000
  0.0000000e+000  1.4440000e+001  3.6458000e+000
  0.0000000e+000  1.4510000e+001  3.6149000e+000
  0.0000000e+000  1.4640000e+001  3.6125000e+000
  0.0000000e+000  1.4740000e+001  3.4831000e+000
  0.0000000e+000  1.4840000e+001  3.3882000e+000
  0.0000000e+000  1.4940000e+001  3.2846000e+000
  0.0000000e+000  1.5040000e+001  3.4280000e+000
  0.0000000e+000  1.5140000e+001  2.7165000e+000
  0.0000000e+000  1.5230000e+001  2.7213000e+000
  0.0000000e+000  1.5340000e+001  2.9111000e+000
  0.0000000e+000  1.5440000e+001  3.2151000e+000
  0.0000000e+000  1.5540000e+001  3.1869000e+000
  0.0000000e+000  1.5630000e+001  3.3489000e+000
  0.0000000e+000  1.5740000e+001  3.6423000e+000
  0.0000000e+000  1.5840000e+001  3.7426000e+000
  0.0000000e+000  1.5920000e+001  3.6618000e+000
  0.0000000e+000  1.6040000e+001  3.2934000e+000
  0.0000000e+000  1.6140000e+001  3.3456000e+000
  0.0000000e+000  1.6240000e+001  3.4707000e+000
  0.0000000e+000  1.6320000e+001  3.4787000e+000
  0.0000000e+000  1.6810000e+001  3.3265000e+000
  0.0000000e+000  1.6910000e+001  2.8102000e+000
  0.0000000e+000  1.7110000e+001  3.7038000e+000
  0.0000000e+000  1.7210000e+001  3.6024000e+000
  0.0000000e+000  1.7310000e+001  3.5009000e+000
  0.0000000e+000  1.7410000e+001  3.0379000e+000
  0.0000000e+000  1.7510000e+001  3.0471000e+000
  0.0000000e+000  1.7610000e+001  2.8990000e+000
  0.0000000e+000  1.7710000e+001  3.0301000e+000
  0.0000000e+000  1.7790000e+001  2.9503000e+000
  0.0000000e+000  1.7900000e+001  2.8462000e+000
  0.0000000e+000  1.8010000e+001  2.6331000e+000
  0.0000000e+000  1.8110000e+001  2.5881000e+000
  0.0000000e+000  1.8200000e+001  2.6885000e+000
  0.0000000e+000  1.8310000e+001  2.5883000e+000
  0.0000000e+000  1.8410000e+001  3.3691000e+000
  0.0000000e+000  1.8610000e+001  3.7780000e+000
  0.0000000e+000  1.8740000e+001  3.4153000e+000
  0.0000000e+000  1.8830000e+001  3.6638000e+000
  0.0000000e+000  1.8910000e+001  3.3594000e+000
  0.0000000e+000  1.9010000e+001  3.3775000e+000
  0.0000000e+000  1.9100000e+001  3.3255000e+000
  0.0000000e+000  1.9210000e+001  3.2254000e+000
  0.0000000e+000  1.9310000e+001  3.2744000e+000
  0.0000000e+000  1.9400000e+001  3.1575000e+000
  0.0000000e+000  1.9510000e+001  3.4468000e+000
  0.0000000e+000  1.9810000e+001  3.2691000e+000
  0.0000000e+000  1.9910000e+001  2.7564000e+000
  0.0000000e+000  2.0110000e+001  2.6579000e+000
  0.0000000e+000  2.0210000e+001  2.4795000e+000
  0.0000000e+000  2.0310000e+001  2.5195000e+000
  0.0000000e+000  2.0410000e+001  2.9804000e+000
  0.0000000e+000  2.0510000e+001  3.2470000e+000
  0.0000000e+000  2.0610000e+001  3.1859000e+000
  0.0000000e+000  2.0710000e+001  3.3185000e+000
  0.0000000e+000  2.0790000e+001  3.5306000e+000
  0.0000000e+000  2.0900000e+001  2.8861000e+000
  0.0000000e+000  2.1010000e+001  2.9872000e+000
  0.0000000e+000  2.1110000e+001  2.7172000e+000
  0.0000000e+000  2.1200000e+001  3.1505000e+000
  0.0000000e+000  2.1310000e+001  3.1950000e+000
  0.0000000e+000  2.1410000e+001  3.0677000e+000
  0.0000000e+000  2.1610000e+001  2.9015000e+000
  0.0000000e+000  2.1710000e+001  2.9982000e+000
  0.0000000e+000  2.1810000e+001  3.4368000e+000
  0.0000000e+000  2.1930000e+001  3.5084000e+000
  0.0000000e+000  2.2010000e+001  3.0541000e+000
  0.0000000e+000  2.2110000e+001  2.8292000e+000
  0.0000000e+000  2.2210000e+001  3.3022000e+000
  0.0000000e+000  2.2310000e+001  2.7438000e+000
  0.0000000e+000  2.2810000e+001  3.8157000e+000
  0.0000000e+000  2.2910000e+001  3.0039000e+000
  0.0000000e+000  2.3110000e+001  3.1652000e+000
  0.0000000e+000  2.3210000e+001  2.7869000e+000
  0.0000000e+000  2.3310000e+001  2.5686000e+000
  0.0000000e+000  2.3410000e+001  2.8508000e+000
  0.0000000e+000  2.3510000e+001  2.4404000e+000
  0.0000000e+000  2.3610000e+001  2.8698000e+000
  0.0000000e+000  2.3710000e+001  2.9586000e+000
  0.0000000e+000  2.3830000e+001  2.9268000e+000
  0.0000000e+000  2.3900000e+001  3.0622000e+000
  0.0000000e+000  2.4010000e+001  3.1778000e+000
  0.0000000e+000  2.4110000e+001  3.0383000e+000
  0.0000000e+000  2.4200000e+001  2.7816000e+000
  0.0000000e+000  2.4310000e+001  2.8108000e+000
  0.0000000e+000  2.4410000e+001  3.1641000e+000
  0.0000000e+000  2.4610000e+001  3.3338000e+000
  0.0000000e+000  2.4710000e+001  3.5129000e+000
  0.0000000e+000  2.4810000e+001  3.1589000e+000
  0.0000000e+000  2.4910000e+001  2.9435000e+000
  0.0000000e+000  2.5010000e+001  2.8836000e+000
  0.0000000e+000  2.5110000e+001  2.9313000e+000
  0.0000000e+000  2.5210000e+001  2.7441000e+000
  0.0000000e+000  2.5310000e+001  2.8478000e+000
  0.0000000e+000  2.5400000e+001  3.0092000e+000
  0.0000000e+000  2.5510000e+001  2.9102000e+000
  0.0000000e+000  2.5610000e+001  2.9532000e+000
  0.0000000e+000  2.5700000e+001  2.9585000e+000
  0.0000000e+000  2.5810000e+001  3.0375000e+000
  0.0000000e+000  2.5910000e+001  3.4944000e+000
  0.0000000e+000  2.6110000e+001  3.4418000e+000
  0.0000000e+000  2.6210000e+001  3.0542000e+000
  0.0000000e+000  2.6310000e+001  3.4752000e+000
  0.0000000e+000  2.6410000e+001  3.1826000e+000
  0.0000000e+000  2.6480000e+001  3.1382000e+000
  0.0000000e+000  2.6580000e+001  3.1376000e+000
  0.0000000e+000  2.6880000e+001  2.6479000e+000
  0.0000000e+000  2.6980000e+001  3.1393000e+000
  0.0000000e+000  2.7080000e+001  3.0529000e+000
  0.0000000e+000  2.7180000e+001  3.1842000e+000
  0.0000000e+000  2.7300000e+001  3.2556000e+000
  0.0000000e+000  2.7580000e+001  3.1402000e+000
  0.0000000e+000  2.7690000e+001  2.8714000e+000
  0.0000000e+000  2.7780000e+001  2.8588000e+000
  0.0000000e+000  2.7870000e+001  2.8279000e+000
  0.0000000e+000  2.7980000e+001  3.4213000e+000
  0.0000000e+000  2.8080000e+001  3.3888000e+000
  0.0000000e+000  2.8130000e+001  3.2793000e+000
  0.0000000e+000  2.8280000e+001  3.2629000e+000
  0.0000000e+000  2.8380000e+001  3.4377000e+000
  0.0000000e+000  2.8480000e+001  2.6577000e+000
  0.0000000e+000  2.8580000e+001  2.8162000e+000
  0.0000000e+000  2.8680000e+001  3.1019000e+000
  0.0000000e+000  2.8790000e+001  3.2062000e+000
  0.0000000e+000  2.8880000e+001  3.2345000e+000
  0.0000000e+000  2.8990000e+001  3.3342000e+000
  0.0000000e+000  2.9190000e+001  3.2135000e+000
  0.0000000e+000  2.9280000e+001  2.8687000e+000
  0.0000000e+000  2.9370000e+001  2.6355000e+000
  0.0000000e+000  2.9480000e+001  2.7631000e+000
  0.0000000e+000  2.9580000e+001  2.5526000e+000
  0.0000000e+000  2.9670000e+001  2.7059000e+000
  0.0000000e+000  2.9790000e+001  3.1568000e+000
  0.0000000e+000  2.9880000e+001  2.8894000e+000
  0.0000000e+000  2.9980000e+001  3.2978000e+000
  0.0000000e+000  3.0080000e+001  3.3867000e+000
  0.0000000e+000  3.0180000e+001  2.9126000e+000
  0.0000000e+000  3.0290000e+001  2.6455000e+000
  0.0000000e+000  3.0380000e+001  2.7127000e+000
  0.0000000e+000  3.0490000e+001  2.6485000e+000
  0.0000000e+000  3.0690000e+001  3.3760000e+000
  0.0000000e+000  3.0780000e+001  3.1701000e+000
  0.0000000e+000  3.0870000e+001  3.3021000e+000
  0.0000000e+000  3.0980000e+001  3.1402000e+000
  0.0000000e+000  3.1080000e+001  2.7461000e+000
  0.0000000e+000  3.1180000e+001  2.5396000e+000
  0.0000000e+000  3.1300000e+001  2.4449000e+000
  0.0000000e+000  3.1380000e+001  2.4880000e+000
  0.0000000e+000  3.1480000e+001  2.4460000e+000
  0.0000000e+000  3.1580000e+001  2.7641000e+000
  0.0000000e+000  3.1680000e+001  2.9278000e+000
  0.0000000e+000  3.1780000e+001  3.0767000e+000
  0.0000000e+000  3.1880000e+001  3.4616000e+000
  0.0000000e+000  3.2000000e+001  3.4809000e+000
  0.0000000e+000  3.2080000e+001  2.8854000e+000
  0.0000000e+000  3.2190000e+001  3.0454000e+000
  0.0000000e+000  3.2280000e+001  2.5469000e+000
  0.0000000e+000  3.2480000e+001  3.4104000e+000
  0.0000000e+000  3.2580000e+001  2.4955000e+000
  0.0000000e+000  3.2680000e+001  2.6233000e+000
  0.0000000e+000  3.2800000e+001  3.3660000e+000
  0.0000000e+000  3.2880000e+001  3.4371000e+000
  0.0000000e+000  3.2980000e+001  3.4344000e+000
  0.0000000e+000  3.3080000e+001  3.1191000e+000
  0.0000000e+000  3.3180000e+001  2.8469000e+000
  0.0000000e+000  3.3280000e+001  2.8479000e+000
  0.0000000e+000  3.3380000e+001  2.6707000e+000
  0.0000000e+000  3.3500000e+001  3.4413000e+000
  0.0000000e+000  3.3690000e+001  3.6902000e+000
  0.0000000e+000  3.3780000e+001  3.2133000e+000
  0.0000000e+000  3.3870000e+001  3.0825000e+000
  0.0000000e+000  3.3980000e+001  2.9931000e+000
  0.0000000e+000  3.4080000e+001  2.6915000e+000
  0.0000000e+000  3.4180000e+001  2.8083000e+000
  0.0000000e+000  3.4300000e+001  2.9725000e+000
  0.0000000e+000  3.4380000e+001  3.1545000e+000
  0.0000000e+000  3.4480000e+001  3.3854000e+000
  0.0000000e+000  3.4580000e+001  3.3742000e+000
  0.0000000e+000  3.4680000e+001  2.9313000e+000
  0.0000000e+000  3.4780000e+001  2.7328000e+000
  0.0000000e+000  3.4880000e+001  3.0184000e+000
  0.0000000e+000  3.5000000e+001  2.6633000e+000
  0.0000000e+000  3.5190000e+001  2.8372000e+000
  0.0000000e+000  3.5280000e+001  2.8366000e+000
  0.0000000e+000  3.5370000e+001  2.8023000e+000
  0.0000000e+000  3.5480000e+001  2.9478000e+000
  0.0000000e+000  3.5580000e+001  2.8464000e+000
  0.0000000e+000  3.5680000e+001  2.7148000e+000
  0.0000000e+000  3.5800000e+001  2.7038000e+000
  0.0000000e+000  3.5880000e+001  2.9714000e+000
  0.0000000e+000  3.5980000e+001  3.2020000e+000
  0.0000000e+000  3.6090000e+001  3.3889000e+000
  0.0000000e+000  3.6920000e+001  3.1158000e+000
  0.0000000e+000  3.7020000e+001  3.4238000e+000
  0.0000000e+000  3.7120000e+001  3.1226000e+000
  0.0000000e+000  3.7230000e+001  2.9015000e+000
  0.0000000e+000  3.7320000e+001  2.8754000e+000
  0.0000000e+000  3.7420000e+001  3.2392000e+000
  0.0000000e+000  3.7520000e+001  2.8737000e+000
  0.0000000e+000  3.7620000e+001  2.7233000e+000
  0.0000000e+000  3.7720000e+001  3.0172000e+000
  0.0000000e+000  3.7820000e+001  3.2975000e+000
  0.0000000e+000  3.7890000e+001  2.8221000e+000
  0.0000000e+000  3.8000000e+001  2.6719000e+000
  0.0000000e+000  3.8120000e+001  2.6712000e+000
  0.0000000e+000  3.8220000e+001  2.7018000e+000
  0.0000000e+000  3.8310000e+001  2.9297000e+000
  0.0000000e+000  3.8420000e+001  2.9103000e+000
  0.0000000e+000  3.8520000e+001  3.1417000e+000
  0.0000000e+000  3.8620000e+001  3.2535000e+000
  0.0000000e+000  3.8820000e+001  3.1141000e+000
  0.0000000e+000  3.8920000e+001  2.9513000e+000
  0.0000000e+000  3.9020000e+001  2.6758000e+000
  0.0000000e+000  3.9120000e+001  3.0783000e+000
  0.0000000e+000  3.9220000e+001  2.8094000e+000
  0.0000000e+000  3.9320000e+001  2.9201000e+000
  0.0000000e+000  3.9400000e+001  2.8174000e+000
  0.0000000e+000  3.9510000e+001  2.8944000e+000
  0.0000000e+000  3.9620000e+001  3.3107000e+000
  0.0000000e+000  3.9720000e+001  3.2651000e+000
  0.0000000e+000  3.9810000e+001  2.9222000e+000
  0.0000000e+000  3.9920000e+001  2.9743000e+000
  0.0000000e+000  4.0020000e+001  2.9292000e+000
  0.0000000e+000  4.0120000e+001  2.8200000e+000
  0.0000000e+000  4.0320000e+001  3.1149000e+000
  0.0000000e+000  4.0420000e+001  2.9626000e+000
  0.0000000e+000  4.0520000e+001  2.8720000e+000
  0.0000000e+000  4.0620000e+001  2.9859000e+000
  0.0000000e+000  4.0720000e+001  2.8911000e+000
  0.0000000e+000  4.0820000e+001  2.9281000e+000
  0.0000000e+000  4.0900000e+001  2.6868000e+000
  0.0000000e+000  4.1010000e+001  2.7042000e+000
  0.0000000e+000  4.1120000e+001  2.6305000e+000
  0.0000000e+000  4.1220000e+001  2.8829000e+000
  0.0000000e+000  4.1310000e+001  2.9592000e+000
  0.0000000e+000  4.1420000e+001  3.3224000e+000
  0.0000000e+000  4.1520000e+001  3.3245000e+000
  0.0000000e+000  4.1620000e+001  3.2327000e+000
  0.0000000e+000  4.1820000e+001  3.1039000e+000
  0.0000000e+000  4.1920000e+001  2.8301000e+000
  0.0000000e+000  4.2020000e+001  2.9992000e+000
  0.0000000e+000  4.2120000e+001  2.8914000e+000
  0.0000000e+000  4.2220000e+001  2.6470000e+000
  0.0000000e+000  4.2320000e+001  2.6911000e+000
  0.0000000e+000  4.2390000e+001  2.6591000e+000
  0.0000000e+000  4.2520000e+001  2.5116000e+000
  0.0000000e+000  4.2620000e+001  2.8202000e+000
  0.0000000e+000  4.2720000e+001  3.2837000e+000
  0.0000000e+000  4.2920000e+001  3.1690000e+000
  0.0000000e+000  4.3020000e+001  2.7353000e+000
  0.0000000e+000  4.3120000e+001  2.7066000e+000
  0.0000000e+000  4.3230000e+001  2.5156000e+000
  0.0000000e+000  4.3320000e+001  3.0027000e+000
  0.0000000e+000  4.3420000e+001  2.7262000e+000
  0.0000000e+000  4.3520000e+001  2.8187000e+000
  0.0000000e+000  4.3620000e+001  3.0651000e+000
  0.0000000e+000  4.3720000e+001  2.9036000e+000
  0.0000000e+000  4.3820000e+001  3.0754000e+000
  0.0000000e+000  4.3900000e+001  2.9890000e+000
  0.0000000e+000  4.4020000e+001  2.7722000e+000
  0.0000000e+000  4.4120000e+001  2.7208000e+000
  0.0000000e+000  4.4220000e+001  2.3870000e+000
  0.0000000e+000  4.4310000e+001  2.5471000e+000
  0.0000000e+000  4.4420000e+001  2.5528000e+000
  0.0000000e+000  4.4520000e+001  2.7023000e+000
  0.0000000e+000  4.4620000e+001  2.5057000e+000
  0.0000000e+000  4.4820000e+001  2.9848000e+000
  0.0000000e+000  4.4920000e+001  3.0227000e+000
  0.0000000e+000  4.5020000e+001  2.9395000e+000
  0.0000000e+000  4.5120000e+001  2.7741000e+000
  0.0000000e+000  4.5220000e+001  2.8844000e+000
  0.0000000e+000  4.5320000e+001  2.8838000e+000
  0.0000000e+000  4.5400000e+001  2.8209000e+000
  0.0000000e+000  4.5520000e+001  2.8626000e+000
  0.0000000e+000  4.5620000e+001  2.6957000e+000
  0.0000000e+000  4.5720000e+001  3.2339000e+000
  0.0000000e+000  4.5810000e+001  3.2333000e+000
  0.0000000e+000  4.5920000e+001  3.4580000e+000
  0.0000000e+000  4.6020000e+001  3.2454000e+000
  0.0000000e+000  4.6120000e+001  3.2208000e+000
  0.0000000e+000  4.6320000e+001  3.0925000e+000
  0.0000000e+000  4.6420000e+001  2.8845000e+000
  0.0000000e+000  4.6520000e+001  2.8752000e+000
  0.0000000e+000  4.7330000e+001  3.1281000e+000
  0.0000000e+000  4.7430000e+001  3.0187000e+000
  0.0000000e+000  4.7530000e+001  2.9003000e+000
  0.0000000e+000  4.7650000e+001  2.9069149e+000
  0.0000000e+000  4.7730000e+001  3.0310000e+000
  0.0000000e+000  4.7830000e+001  3.2923547e+000
  0.0000000e+000  4.7950000e+001  3.4703000e+000
  0.0000000e+000  4.8060000e+001  3.2886215e+000
  0.0000000e+000  4.8140000e+001  3.1387000e+000
  0.0000000e+000  4.8230000e+001  3.1378218e+000
  0.0000000e+000  4.8320000e+001  3.1973000e+000
  0.0000000e+000  4.8440000e+001  3.1407629e+000
  0.0000000e+000  4.8540000e+001  3.0093000e+000
  0.0000000e+000  4.8630000e+001  2.8859298e+000
  0.0000000e+000  4.8750000e+001  2.7868000e+000
  0.0000000e+000  4.8830000e+001  2.7907403e+000
  0.0000000e+000  4.8930000e+001  2.8231000e+000
  0.0000000e+000  4.9030000e+001  2.8251210e+000
  0.0000000e+000  4.9150000e+001  2.8352000e+000
  0.0000000e+000  4.9230000e+001  2.8809312e+000
  0.0000000e+000  4.9330000e+001  2.9425000e+000
  0.0000000e+000  4.9450000e+001  2.9575231e+000
  0.0000000e+000  4.9560000e+001  2.9540000e+000
  0.0000000e+000  4.9640000e+001  2.9652871e+000
  0.0000000e+000  4.9730000e+001  2.9536000e+000
  0.0000000e+000  4.9820000e+001  2.8754855e+000
  0.0000000e+000  4.9940000e+001  2.7173000e+000
  0.0000000e+000  5.0040000e+001  2.6014534e+000
  0.0000000e+000  5.0130000e+001  2.5355000e+000
  0.0000000e+000  5.0250000e+001  2.5358510e+000
  0.0000000e+000  5.0330000e+001  2.5593000e+000
  0.0000000e+000  5.0430000e+001  2.5993209e+000
  0.0000000e+000  5.0530000e+001  2.7203000e+000
  0.0000000e+000  5.0650000e+001  2.9978665e+000
  0.0000000e+000  5.0730000e+001  3.0932000e+000
  0.0000000e+000  5.0830000e+001  2.9579369e+000
  0.0000000e+000  5.0950000e+001  2.6744000e+000
  0.0000000e+000  5.1060000e+001  2.5722779e+000
  0.0000000e+000  5.1140000e+001  2.5728000e+000
  0.0000000e+000  5.1230000e+001  2.6038642e+000
  0.0000000e+000  5.1320000e+001  2.7165000e+000
  0.0000000e+000  5.1440000e+001  3.0298200e+000
  0.0000000e+000  5.1540000e+001  3.2422000e+000
  0.0000000e+000  5.1630000e+001  3.2590616e+000
  0.0000000e+000  5.1750000e+001  3.1623000e+000
  0.0000000e+000  5.1830000e+001  3.1220045e+000
  0.0000000e+000  5.1930000e+001  3.0021000e+000
  0.0000000e+000  5.2030000e+001  2.7021542e+000
  0.0000000e+000  5.2150000e+001  2.3946000e+000
  0.0000000e+000  5.2230000e+001  2.4036739e+000
  0.0000000e+000  5.2330000e+001  2.5728000e+000
  0.0000000e+000  5.2450000e+001  2.7300000e+000
  0.0000000e+000  5.2560000e+001  2.8529000e+000
  0.0000000e+000  5.2640000e+001  3.2125000e+000
  0.0000000e+000  5.2730000e+001  3.0030000e+000
  0.0000000e+000  5.2820000e+001  2.8992000e+000
  0.0000000e+000  5.2940000e+001  2.8224000e+000
  0.0000000e+000  5.3330000e+001  2.6682000e+000
  0.0000000e+000  5.3430000e+001  2.4662000e+000
  0.0000000e+000  5.3530000e+001  2.6950000e+000
  0.0000000e+000  5.3650000e+001  2.4382000e+000
  0.0000000e+000  5.3730000e+001  2.8461000e+000
  0.0000000e+000  5.3830000e+001  2.8521000e+000
  0.0000000e+000  5.3950000e+001  3.3253000e+000
  0.0000000e+000  5.4060000e+001  3.1894000e+000
  0.0000000e+000  5.4140000e+001  2.9816000e+000
  0.0000000e+000  5.4230000e+001  3.2035000e+000
  0.0000000e+000  5.4320000e+001  2.8570000e+000
  0.0000000e+000  5.4440000e+001  2.8676000e+000
  0.0000000e+000  5.4540000e+001  2.4063000e+000
  0.0000000e+000  5.4630000e+001  2.5863000e+000
  0.0000000e+000  5.4750000e+001  2.5076000e+000
  0.0000000e+000  5.4830000e+001  2.5867500e+000
  0.0000000e+000  5.4930000e+001  2.6659000e+000
  0.0000000e+000  5.5030000e+001  2.9929000e+000
  0.0000000e+000  5.5150000e+001  2.8930000e+000
  0.0000000e+000  5.5230000e+001  3.0445000e+000
  0.0000000e+000  5.5330000e+001  2.7321000e+000
  0.0000000e+000  5.5450000e+001  2.7870000e+000
  0.0000000e+000  5.5560000e+001  2.6513000e+000
  0.0000000e+000  5.5640000e+001  2.7132000e+000
  0.0000000e+000  5.5730000e+001  2.6041000e+000
  0.0000000e+000  5.5820000e+001  2.3262000e+000
  0.0000000e+000  5.5940000e+001  2.5893000e+000
  0.0000000e+000  5.6040000e+001  2.6086000e+000
  0.0000000e+000  5.6130000e+001  3.0376000e+000
  0.0000000e+000  5.6250000e+001  3.1709000e+000
  0.0000000e+000  5.6330000e+001  3.5224000e+000
  0.0000000e+000  5.6430000e+001  3.4600000e+000
  0.0000000e+000  5.6530000e+001  3.2382000e+000
  0.0000000e+000  5.6650000e+001  3.4536000e+000
  0.0000000e+000  5.6730000e+001  3.3947000e+000
  0.0000000e+000  5.6830000e+001  3.2771000e+000
  0.0000000e+000  5.6950000e+001  3.2137000e+000
  0.0000000e+000  5.7060000e+001  3.0286000e+000
  0.0000000e+000  5.7150000e+001  2.8999000e+000
  0.0000000e+000  5.7200000e+001  2.7712000e+000
  0.0000000e+000  5.7640000e+001  3.4592000e+000
  0.0000000e+000  5.7740000e+001  3.1609000e+000
  0.0000000e+000  5.7840000e+001  3.0713000e+000
  0.0000000e+000  5.7940000e+001  2.8838000e+000
  0.0000000e+000  5.8040000e+001  2.6586000e+000
  0.0000000e+000  5.8140000e+001  2.6541000e+000
  0.0000000e+000  5.8240000e+001  3.0019000e+000
  0.0000000e+000  5.8340000e+001  3.1324000e+000
  0.0000000e+000  5.8440000e+001  3.3364000e+000
  0.0000000e+000  5.8540000e+001  3.5188000e+000
  0.0000000e+000  5.8640000e+001  3.3302000e+000
  0.0000000e+000  5.8740000e+001  3.2594000e+000
  0.0000000e+000  5.8840000e+001  3.2146000e+000
  0.0000000e+000  5.8940000e+001  3.0230000e+000
  0.0000000e+000  5.9040000e+001  2.6180000e+000
  0.0000000e+000  5.9140000e+001  2.8899000e+000
  0.0000000e+000  5.9240000e+001  2.5616000e+000
  0.0000000e+000  5.9340000e+001  2.5651000e+000
  0.0000000e+000  5.9440000e+001  2.9373000e+000
  0.0000000e+000  5.9540000e+001  2.8675000e+000
  0.0000000e+000  5.9640000e+001  2.6785000e+000
  0.0000000e+000  5.9740000e+001  2.7654000e+000
  0.0000000e+000  5.9840000e+001  3.0988000e+000
  0.0000000e+000  5.9940000e+001  2.8130000e+000
  0.0000000e+000  6.0040000e+001  2.6660000e+000
  0.0000000e+000  6.0140000e+001  2.6632000e+000
  0.0000000e+000  6.0340000e+001  2.7866000e+000
  0.0000000e+000  6.0440000e+001  2.7869000e+000
  0.0000000e+000  6.0540000e+001  3.1230000e+000
  0.0000000e+000  6.0640000e+001  3.2827000e+000
  0.0000000e+000  6.0740000e+001  3.2904000e+000
  0.0000000e+000  6.0840000e+001  2.8684000e+000
  0.0000000e+000  6.0940000e+001  2.9932000e+000
  0.0000000e+000  6.1040000e+001  2.6605000e+000
  0.0000000e+000  6.1140000e+001  2.6787000e+000
  0.0000000e+000  6.1240000e+001  2.8393000e+000
  0.0000000e+000  6.1340000e+001  3.1907000e+000
  0.0000000e+000  6.1440000e+001  2.9097000e+000
  0.0000000e+000  6.1540000e+001  2.9838000e+000
  0.0000000e+000  6.1640000e+001  3.1015000e+000
  0.0000000e+000  6.1740000e+001  3.1788000e+000
  0.0000000e+000  6.1840000e+001  3.2285000e+000
  0.0000000e+000  6.1940000e+001  3.2912000e+000
  0.0000000e+000  6.2040000e+001  2.9683000e+000
  0.0000000e+000  6.2140000e+001  2.8309000e+000
  0.0000000e+000  6.2240000e+001  2.7259000e+000
  0.0000000e+000  6.2340000e+001  2.5671000e+000
  0.0000000e+000  6.2440000e+001  2.6511000e+000
  0.0000000e+000  6.2540000e+001  2.7540000e+000
  0.0000000e+000  6.2640000e+001  2.5704000e+000
  0.0000000e+000  6.2740000e+001  2.8230000e+000
  0.0000000e+000  6.2840000e+001  2.9528000e+000
  0.0000000e+000  6.2940000e+001  3.0066000e+000
  0.0000000e+000  6.3040000e+001  3.1627000e+000
  0.0000000e+000  6.3140000e+001  3.3363000e+000
  0.0000000e+000  6.3240000e+001  3.0833000e+000
  0.0000000e+000  6.3340000e+001  3.1411000e+000
  0.0000000e+000  6.3440000e+001  3.0549000e+000
  0.0000000e+000  6.3540000e+001  3.1287000e+000
  0.0000000e+000  6.3640000e+001  2.8857000e+000
  0.0000000e+000  6.3740000e+001  3.2955000e+000
  0.0000000e+000  6.3840000e+001  3.2752000e+000
  0.0000000e+000  6.3940000e+001  3.3315000e+000
  0.0000000e+000  6.4040000e+001  3.1014000e+000
  0.0000000e+000  6.4140000e+001  3.0912000e+000
  0.0000000e+000  6.4240000e+001  2.7212000e+000
  0.0000000e+000  6.4340000e+001  3.0440000e+000
  0.0000000e+000  6.4440000e+001  2.6696000e+000
  0.0000000e+000  6.4540000e+001  2.6882000e+000
  0.0000000e+000  6.4640000e+001  2.6426000e+000
  0.0000000e+000  6.4740000e+001  2.6448000e+000
  0.0000000e+000  6.4840000e+001  2.5228000e+000
  0.0000000e+000  6.4940000e+001  2.5107000e+000
  0.0000000e+000  6.5040000e+001  2.5933000e+000
  0.0000000e+000  6.5140000e+001  2.6807000e+000
  0.0000000e+000  6.5240000e+001  2.7642000e+000
  0.0000000e+000  6.5340000e+001  2.4773000e+000
  0.0000000e+000  6.5440000e+001  2.7077000e+000
  0.0000000e+000  6.5540000e+001  3.0018000e+000
  0.0000000e+000  6.5640000e+001  2.7927000e+000
  0.0000000e+000  6.5740000e+001  2.7455000e+000
  0.0000000e+000  6.5840000e+001  2.7149000e+000
  0.0000000e+000  6.5940000e+001  2.6529000e+000
  0.0000000e+000  6.6040000e+001  2.7100000e+000
  0.0000000e+000  6.6140000e+001  2.7265000e+000
  0.0000000e+000  6.6240000e+001  2.7665000e+000
  0.0000000e+000  6.6340000e+001  2.7873000e+000
  0.0000000e+000  6.6440000e+001  2.6227000e+000
  0.0000000e+000  6.6540000e+001  2.7304000e+000
  0.0000000e+000  6.6640000e+001  2.9337000e+000
  0.0000000e+000  6.6740000e+001  3.1744000e+000
  0.0000000e+000  6.6840000e+001  3.1503000e+000
  0.0000000e+000  6.6940000e+001  3.1321000e+000
  0.0000000e+000  6.7040000e+001  2.9954000e+000
  0.0000000e+000  6.7110000e+001  2.9542000e+000
  0.0000000e+000  6.7210000e+001  2.9284000e+000
  0.0000000e+000  6.7860000e+001  2.6535000e+000
  0.0000000e+000  6.7960000e+001  2.9057000e+000
  0.0000000e+000  6.8060000e+001  3.0529000e+000
  0.0000000e+000  6.8160000e+001  2.8846000e+000
  0.0000000e+000  6.8260000e+001  3.0862000e+000
  0.0000000e+000  6.8360000e+001  2.9152000e+000
  0.0000000e+000  6.8460000e+001  2.8122000e+000
  0.0000000e+000  6.8560000e+001  2.7092000e+000
  0.0000000e+000  6.8660000e+001  2.6408000e+000
  0.0000000e+000  6.8760000e+001  2.5950000e+000
  0.0000000e+000  6.8860000e+001  2.5906000e+000
  0.0000000e+000  6.8960000e+001  2.5494000e+000
  0.0000000e+000  6.9060000e+001  2.7753000e+000
  0.0000000e+000  6.9160000e+001  2.8444000e+000
  0.0000000e+000  6.9260000e+001  2.8368000e+000
  0.0000000e+000  6.9360000e+001  2.9244000e+000
  0.0000000e+000  6.9460000e+001  2.8839000e+000
  0.0000000e+000  6.9560000e+001  2.9116000e+000
  0.0000000e+000  6.9660000e+001  2.6152000e+000
  0.0000000e+000  6.9760000e+001  2.7050000e+000
  0.0000000e+000  6.9860000e+001  2.6774000e+000
  0.0000000e+000  6.9960000e+001  2.6608000e+000
  0.0000000e+000  7.0060000e+001  2.8039000e+000
  0.0000000e+000  7.0160000e+001  2.8210000e+000
  0.0000000e+000  7.0260000e+001  2.7303000e+000
  0.0000000e+000  7.0360000e+001  2.7908000e+000
  0.0000000e+000  7.0460000e+001  2.8513000e+000
  0.0000000e+000  7.0560000e+001  2.8401000e+000
  0.0000000e+000  7.0660000e+001  2.7329000e+000
  0.0000000e+000  7.0760000e+001  2.8620000e+000
  0.0000000e+000  7.0860000e+001  2.4967000e+000
  0.0000000e+000  7.0960000e+001  2.4169000e+000
  0.0000000e+000  7.1060000e+001  2.3358000e+000
  0.0000000e+000  7.1160000e+001  2.6591000e+000
  0.0000000e+000  7.1260000e+001  2.6931000e+000
  0.0000000e+000  7.1360000e+001  2.7271000e+000
  0.0000000e+000  7.1460000e+001  2.5987000e+000
  0.0000000e+000  7.1560000e+001  2.7875000e+000
  0.0000000e+000  7.1660000e+001  2.9763000e+000
  0.0000000e+000  7.1760000e+001  2.7672000e+000
  0.0000000e+000  7.1860000e+001  2.8532000e+000
  0.0000000e+000  7.1960000e+001  2.8147000e+000
  0.0000000e+000  7.2060000e+001  2.9138000e+000
  0.0000000e+000  7.2160000e+001  2.7027000e+000
  0.0000000e+000  7.2260000e+001  2.6569000e+000
  0.0000000e+000  7.2360000e+001  2.6292000e+000
  0.0000000e+000  7.2460000e+001  2.6015000e+000
  0.0000000e+000  7.2560000e+001  2.6836000e+000
  0.0000000e+000  7.2660000e+001  2.6613000e+000
  0.0000000e+000  7.2760000e+001  2.8193000e+000
  0.0000000e+000  7.2860000e+001  2.9478000e+000
  0.0000000e+000  7.2960000e+001  2.7176000e+000
  0.0000000e+000  7.3060000e+001  2.8427000e+000
  0.0000000e+000  7.3160000e+001  3.0091000e+000
  0.0000000e+000  7.3260000e+001  2.9571000e+000
  0.0000000e+000  7.3360000e+001  2.9659000e+000
  0.0000000e+000  7.3460000e+001  2.9747000e+000
  0.0000000e+000  7.3560000e+001  2.7846000e+000
  0.0000000e+000  7.3660000e+001  2.7476000e+000
  0.0000000e+000  7.3760000e+001  2.6083000e+000
  0.0000000e+000  7.3860000e+001  2.5104000e+000
  0.0000000e+000  7.3960000e+001  2.6210000e+000
  0.0000000e+000  7.4060000e+001  2.8541000e+000
  0.0000000e+000  7.4160000e+001  2.7024000e+000
  0.0000000e+000  7.4260000e+001  2.8368000e+000
  0.0000000e+000  7.4360000e+001  2.6831000e+000
  0.0000000e+000  7.4460000e+001  2.4193000e+000
  0.0000000e+000  7.4560000e+001  2.6356000e+000
  0.0000000e+000  7.4660000e+001  2.5357000e+000
  0.0000000e+000  7.4760000e+001  2.6598000e+000
  0.0000000e+000  7.4860000e+001  2.4422000e+000
  0.0000000e+000  7.4960000e+001  2.4243000e+000
  0.0000000e+000  7.5060000e+001  2.5498000e+000
  0.0000000e+000  7.5160000e+001  2.5073000e+000
  0.0000000e+000  7.5260000e+001  2.4663000e+000
  0.0000000e+000  7.5360000e+001  2.5586000e+000
  0.0000000e+000  7.5460000e+001  2.4606000e+000
  0.0000000e+000  7.5560000e+001  2.6386000e+000
  0.0000000e+000  7.5660000e+001  2.5556000e+000
  0.0000000e+000  7.5760000e+001  2.5617000e+000
  0.0000000e+000  7.5860000e+001  2.6067000e+000
  0.0000000e+000  7.5960000e+001  2.7468000e+000
  0.0000000e+000  7.6060000e+001  2.5835000e+000
  0.0000000e+000  7.6160000e+001  2.9388000e+000
  0.0000000e+000  7.6260000e+001  2.5133000e+000
  0.0000000e+000  7.6360000e+001  2.6700000e+000
  0.0000000e+000  7.6460000e+001  2.7080000e+000
  0.0000000e+000  7.6560000e+001  2.7276000e+000
  0.0000000e+000  7.6660000e+001  2.7472000e+000
  0.0000000e+000  7.6760000e+001  2.8853000e+000
  0.0000000e+000  7.6860000e+001  2.7848000e+000
  0.0000000e+000  7.6960000e+001  2.6611000e+000
  0.0000000e+000  7.7060000e+001  2.7546000e+000
  0.0000000e+000  7.7160000e+001  2.7119000e+000
  0.0000000e+000  7.7260000e+001  2.4993000e+000
  0.0000000e+000  7.7360000e+001  2.5300000e+000
  0.0000000e+000  7.7480000e+001  2.5600000e+000
  0.0000000e+000  7.7580000e+001  2.5871000e+000
  0.0000000e+000  7.8170000e+001  2.5733000e+000
  0.0000000e+000  7.8270000e+001  2.7244000e+000
  0.0000000e+000  7.8370000e+001  2.5239000e+000
  0.0000000e+000  7.8470000e+001  2.6814000e+000
  0.0000000e+000  7.8570000e+001  2.7350000e+000
  0.0000000e+000  7.8670000e+001  2.5499000e+000
  0.0000000e+000  7.8770000e+001  2.4586000e+000
  0.0000000e+000  7.8870000e+001  2.5296000e+000
  0.0000000e+000  7.8970000e+001  2.5979000e+000
  0.0000000e+000  7.9070000e+001  2.5356000e+000
  0.0000000e+000  7.9170000e+001  2.6021000e+000
  0.0000000e+000  7.9270000e+001  2.6372000e+000
  0.0000000e+000  7.9370000e+001  2.4900000e+000
  0.0000000e+000  7.9470000e+001  2.6498000e+000
  0.0000000e+000  7.9570000e+001  2.4905000e+000
  0.0000000e+000  7.9670000e+001  2.6655000e+000
  0.0000000e+000  7.9770000e+001  2.6815000e+000
  0.0000000e+000  7.9870000e+001  2.5134000e+000
  0.0000000e+000  7.9970000e+001  2.8191000e+000
  0.0000000e+000  8.0070000e+001  2.6188000e+000
  0.0000000e+000  8.0170000e+001  2.4186000e+000
  0.0000000e+000  8.0270000e+001  2.7524000e+000
  0.0000000e+000  8.0370000e+001  2.6900500e+000
  0.0000000e+000  8.0470000e+001  2.6277000e+000
  0.0000000e+000  8.0570000e+001  2.5496000e+000
  0.0000000e+000  8.0670000e+001  2.6859000e+000
  0.0000000e+000  8.0770000e+001  2.7228000e+000
  0.0000000e+000  8.0870000e+001  2.8607000e+000
  0.0000000e+000  8.0970000e+001  2.8953000e+000
  0.0000000e+000  8.1070000e+001  2.6696000e+000
  0.0000000e+000  8.1170000e+001  2.5357000e+000
  0.0000000e+000  8.1270000e+001  2.7444000e+000
  0.0000000e+000  8.1370000e+001  2.6603000e+000
  0.0000000e+000  8.1470000e+001  2.7520000e+000
  0.0000000e+000  8.1570000e+001  2.6973000e+000
  0.0000000e+000  8.1670000e+001  2.8095000e+000
  0.0000000e+000  8.1770000e+001  2.8543000e+000
  0.0000000e+000  8.1870000e+001  2.8184000e+000
  0.0000000e+000  8.1970000e+001  3.0771000e+000
  0.0000000e+000  8.2070000e+001  3.2256000e+000
  0.0000000e+000  8.2170000e+001  3.1582000e+000
  0.0000000e+000  8.2270000e+001  3.0758000e+000
  0.0000000e+000  8.2370000e+001  3.0131000e+000
  0.0000000e+000  8.2470000e+001  2.7868000e+000
  0.0000000e+000  8.2570000e+001  2.8754000e+000
  0.0000000e+000  8.2670000e+001  2.8787000e+000
  0.0000000e+000  8.2770000e+001  2.8610000e+000
  0.0000000e+000  8.2870000e+001  2.5132000e+000
  0.0000000e+000  8.2970000e+001  2.4734000e+000
  0.0000000e+000  8.3070000e+001  2.4774000e+000
  0.0000000e+000  8.3170000e+001  2.4875000e+000
  0.0000000e+000  8.3270000e+001  2.6238000e+000
  0.0000000e+000  8.3370000e+001  2.4948000e+000
  0.0000000e+000  8.3470000e+001  2.7692000e+000
  0.0000000e+000  8.3570000e+001  2.7426000e+000
  0.0000000e+000  8.3670000e+001  2.3421000e+000
  0.0000000e+000  8.3770000e+001  2.5699000e+000
  0.0000000e+000  8.4170000e+001  2.6619000e+000
  0.0000000e+000  8.4270000e+001  2.6449000e+000
  0.0000000e+000  8.4370000e+001  2.6411000e+000
  0.0000000e+000  8.4470000e+001  2.5844500e+000
  0.0000000e+000  8.4570000e+001  2.5278000e+000
  0.0000000e+000  8.4670000e+001  2.5670000e+000
  0.0000000e+000  8.4770000e+001  2.7460000e+000
  0.0000000e+000  8.4870000e+001  2.8571000e+000
  0.0000000e+000  8.4970000e+001  2.9150000e+000
  0.0000000e+000  8.5070000e+001  2.8621000e+000
  0.0000000e+000  8.5170000e+001  2.8021000e+000
  0.0000000e+000  8.5270000e+001  2.7655000e+000
  0.0000000e+000  8.5370000e+001  2.7193000e+000
  0.0000000e+000  8.5470000e+001  2.5957000e+000
  0.0000000e+000  8.5570000e+001  2.4674000e+000
  0.0000000e+000  8.5670000e+001  2.5498000e+000
  0.0000000e+000  8.5770000e+001  2.5444000e+000
  0.0000000e+000  8.5870000e+001  2.3611000e+000
  0.0000000e+000  8.5970000e+001  2.5033000e+000
  0.0000000e+000  8.6070000e+001  2.4997000e+000
  0.0000000e+000  8.6170000e+001  2.5603000e+000
  0.0000000e+000  8.6270000e+001  2.4646000e+000
  0.0000000e+000  8.6370000e+001  2.2997000e+000
  0.0000000e+000  8.6470000e+001  2.3797000e+000
  0.0000000e+000  8.6570000e+001  2.3019000e+000
  0.0000000e+000  8.6670000e+001  2.2653000e+000
  0.0000000e+000  8.6770000e+001  2.4058000e+000
  0.0000000e+000  8.6870000e+001  2.3325000e+000
  0.0000000e+000  8.6970000e+001  2.5980000e+000
  0.0000000e+000  8.7070000e+001  2.4238000e+000
  0.0000000e+000  8.7170000e+001  2.5734000e+000
  0.0000000e+000  8.7270000e+001  2.4899000e+000
  0.0000000e+000  8.7370000e+001  2.3066000e+000
  0.0000000e+000  8.7470000e+001  2.2718000e+000
  0.0000000e+000  8.7570000e+001  2.2459000e+000
  0.0000000e+000  8.7670000e+001  2.1894000e+000
  0.0000000e+000  8.7770000e+001  2.4660000e+000
  0.0000000e+000  8.7870000e+001  2.1474000e+000
  0.0000000e+000  8.7970000e+001  2.4864000e+000
  0.0000000e+000  8.8060000e+001  2.4837000e+000
  0.0000000e+000  8.8140000e+001  2.3802000e+000
  0.0000000e+000  8.8840000e+001  2.4621000e+000
  0.0000000e+000  8.8940000e+001  2.3544000e+000
  0.0000000e+000  8.9040000e+001  2.3303000e+000
  0.0000000e+000  8.9140000e+001  2.3676000e+000
  0.0000000e+000  8.9240000e+001  2.4049000e+000
  0.0000000e+000  8.9340000e+001  2.2660000e+000
  0.0000000e+000  8.9440000e+001  2.4038000e+000
  0.0000000e+000  8.9540000e+001  2.4689500e+000
  0.0000000e+000  8.9640000e+001  2.5341000e+000
  0.0000000e+000  8.9740000e+001  2.4548000e+000
  0.0000000e+000  8.9840000e+001  2.6175000e+000
  0.0000000e+000  8.9940000e+001  2.6517500e+000
  0.0000000e+000  9.0040000e+001  2.6860000e+000
  0.0000000e+000  9.0140000e+001  2.4289000e+000
  0.0000000e+000  9.0240000e+001  2.4208000e+000
  0.0000000e+000  9.0340000e+001  2.5039000e+000
  0.0000000e+000  9.0440000e+001  2.4226000e+000
  0.0000000e+000  9.0540000e+001  2.4067500e+000
  0.0000000e+000  9.0640000e+001  2.3909000e+000
  0.0000000e+000  9.0740000e+001  2.4191000e+000
  0.0000000e+000  9.0840000e+001  2.2902000e+000
  0.0000000e+000  9.0940000e+001  2.3365000e+000
  0.0000000e+000  9.1040000e+001  2.3828000e+000
  0.0000000e+000  9.1140000e+001  2.3757000e+000
  0.0000000e+000  9.1240000e+001  2.4352000e+000
  0.0000000e+000  9.1340000e+001  2.2746000e+000
  0.0000000e+000  9.1440000e+001  2.3764000e+000
  0.0000000e+000  9.1540000e+001  2.5504000e+000
  0.0000000e+000  9.1640000e+001  2.2619000e+000
  0.0000000e+000  9.1740000e+001  2.7227000e+000
  0.0000000e+000  9.1840000e+001  2.5008000e+000
  0.0000000e+000  9.1940000e+001  2.5663000e+000
  0.0000000e+000  9.2040000e+001  2.6494000e+000
  0.0000000e+000  9.2140000e+001  2.4646000e+000
  0.0000000e+000  9.2240000e+001  2.6953000e+000
  0.0000000e+000  9.2340000e+001  2.4628000e+000
  0.0000000e+000  9.2440000e+001  2.3847000e+000
  0.0000000e+000  9.2540000e+001  2.4363000e+000
  0.0000000e+000  9.2640000e+001  2.3587000e+000
  0.0000000e+000  9.2740000e+001  2.3992000e+000
  0.0000000e+000  9.2840000e+001  2.3753000e+000
  0.0000000e+000  9.2940000e+001  2.5595000e+000
  0.0000000e+000  9.3040000e+001  2.7079000e+000
  0.0000000e+000  9.3140000e+001  2.5597000e+000
  0.0000000e+000  9.3240000e+001  2.5480000e+000
  0.0000000e+000  9.3340000e+001  2.4716000e+000
  0.0000000e+000  9.3440000e+001  2.4336000e+000
  0.0000000e+000  9.3540000e+001  2.3709000e+000
  0.0000000e+000  9.3640000e+001  2.4937000e+000
  0.0000000e+000  9.3740000e+001  2.3903000e+000
  0.0000000e+000  9.3840000e+001  2.3820000e+000
  0.0000000e+000  9.3940000e+001  2.3523000e+000
  0.0000000e+000  9.4040000e+001  2.3359000e+000
  0.0000000e+000  9.4140000e+001  2.3504500e+000
  0.0000000e+000  9.4240000e+001  2.3650000e+000
  0.0000000e+000  9.4340000e+001  2.5252000e+000
  0.0000000e+000  9.4440000e+001  2.6045000e+000
  0.0000000e+000  9.4540000e+001  2.5217000e+000
  0.0000000e+000  9.4640000e+001  2.6093000e+000
  0.0000000e+000  9.4740000e+001  2.7020000e+000
  0.0000000e+000  9.4840000e+001  2.8832000e+000
  0.0000000e+000  9.4940000e+001  2.7532000e+000
  0.0000000e+000  9.5040000e+001  2.6019000e+000
  0.0000000e+000  9.5140000e+001  2.6048000e+000
  0.0000000e+000  9.5240000e+001  2.3130000e+000
  0.0000000e+000  9.5340000e+001  2.3729000e+000
  0.0000000e+000  9.5440000e+001  2.3421000e+000
  0.0000000e+000  9.5540000e+001  2.3103000e+000
  0.0000000e+000  9.5640000e+001  2.2785000e+000
  0.0000000e+000  9.5740000e+001  2.3920000e+000
  0.0000000e+000  9.5840000e+001  2.5287000e+000
  0.0000000e+000  9.5940000e+001  2.4584000e+000
  0.0000000e+000  9.6040000e+001  2.6298000e+000
  0.0000000e+000  9.6140000e+001  2.7053000e+000
  0.0000000e+000  9.6240000e+001  2.7255000e+000
  0.0000000e+000  9.6340000e+001  2.7857000e+000
  0.0000000e+000  9.6440000e+001  2.6490000e+000
  0.0000000e+000  9.6540000e+001  2.3271000e+000
  0.0000000e+000  9.6640000e+001  2.3189000e+000
  0.0000000e+000  9.6740000e+001  2.2557000e+000
  0.0000000e+000  9.6840000e+001  2.4342000e+000
  0.0000000e+000  9.6940000e+001  2.1743000e+000
  0.0000000e+000  9.7040000e+001  2.1556000e+000
  0.0000000e+000  9.7140000e+001  2.5384000e+000
  0.0000000e+000  9.7240000e+001  2.1726000e+000
  0.0000000e+000  9.7340000e+001  2.2078000e+000
  0.0000000e+000  9.7440000e+001  2.3823000e+000
  0.0000000e+000  9.7540000e+001  2.4634000e+000
  0.0000000e+000  9.7740000e+001  2.6155000e+000
  0.0000000e+000  9.7840000e+001  2.7274000e+000
  0.0000000e+000  9.7930000e+001  2.7228000e+000
  0.0000000e+000  9.7970000e+001  2.3559000e+000
  0.0000000e+000  9.8070000e+001  2.3530000e+000
  0.0000000e+000  9.9720000e+001  2.3501000e+000
  0.0000000e+000  1.0012000e+002  2.4841000e+000
  0.0000000e+000  1.0022000e+002  2.4383000e+000
  0.0000000e+000  1.0032000e+002  2.3710000e+000
  0.0000000e+000  1.0042000e+002  2.2968000e+000
  0.0000000e+000  1.0052000e+002  2.3323000e+000
  0.0000000e+000  1.0062000e+002  2.3027000e+000
  0.0000000e+000  1.0072000e+002  2.1840000e+000
  0.0000000e+000  1.0082000e+002  2.5734000e+000
  0.0000000e+000  1.0092000e+002  2.5126000e+000
  0.0000000e+000  1.0102000e+002  2.3445000e+000
  0.0000000e+000  1.0113000e+002  2.5353000e+000
  0.0000000e+000  1.0122000e+002  2.2633000e+000
  0.0000000e+000  1.0132000e+002  2.2862000e+000
  0.0000000e+000  1.0142000e+002  2.2975000e+000
  0.0000000e+000  1.0152000e+002  2.3552000e+000
  0.0000000e+000  1.0162000e+002  2.3401000e+000
  0.0000000e+000  1.0172000e+002  2.2379000e+000
  0.0000000e+000  1.0182000e+002  2.5169000e+000
  0.0000000e+000  1.0192000e+002  2.6144000e+000
  0.0000000e+000  1.0202000e+002  2.5467000e+000
  0.0000000e+000  1.0212000e+002  2.3532000e+000
  0.0000000e+000  1.0222000e+002  2.4835000e+000
  0.0000000e+000  1.0232000e+002  2.2916000e+000
  0.0000000e+000  1.0242000e+002  2.3187000e+000
  0.0000000e+000  1.0252000e+002  2.3026000e+000
  0.0000000e+000  1.0263000e+002  2.5830000e+000
  0.0000000e+000  1.0272000e+002  2.6294000e+000
  0.0000000e+000  1.0282000e+002  2.6273000e+000
  0.0000000e+000  1.0292000e+002  2.2899000e+000
  0.0000000e+000  1.0312000e+002  2.2306000e+000
  0.0000000e+000  1.0322000e+002  2.2096000e+000
  0.0000000e+000  1.0332000e+002  2.1327000e+000
  0.0000000e+000  1.0342000e+002  2.5228000e+000
  0.0000000e+000  1.0352000e+002  2.3730000e+000
  0.0000000e+000  1.0362000e+002  2.4651000e+000
  0.0000000e+000  1.0372000e+002  2.3173000e+000
  0.0000000e+000  1.0382000e+002  2.6145000e+000
  0.0000000e+000  1.0392000e+002  2.2824000e+000
  0.0000000e+000  1.0402000e+002  2.2977000e+000
  0.0000000e+000  1.0413000e+002  2.6352000e+000
  0.0000000e+000  1.0422000e+002  2.5513000e+000
  0.0000000e+000  1.0432000e+002  2.7567000e+000
  0.0000000e+000  1.0442000e+002  2.4934000e+000
  0.0000000e+000  1.0452000e+002  2.4709000e+000
  0.0000000e+000  1.0462000e+002  2.3947000e+000
  0.0000000e+000  1.0472000e+002  2.2019000e+000
  0.0000000e+000  1.0482000e+002  2.4334000e+000
  0.0000000e+000  1.0492000e+002  2.2876000e+000
  0.0000000e+000  1.0502000e+002  2.4424000e+000
  0.0000000e+000  1.0512000e+002  2.1842000e+000
  0.0000000e+000  1.0522000e+002  2.3834000e+000
  0.0000000e+000  1.0532000e+002  2.3633000e+000
  0.0000000e+000  1.0542000e+002  2.5654000e+000
  0.0000000e+000  1.0552000e+002  2.3612000e+000
  0.0000000e+000  1.0563000e+002  2.2063000e+000
  0.0000000e+000  1.0572000e+002  2.4728000e+000
  0.0000000e+000  1.0582000e+002  2.3894000e+000
  0.0000000e+000  1.0592000e+002  2.4413000e+000
  0.0000000e+000  1.0602000e+002  2.5470000e+000
  0.0000000e+000  1.0612000e+002  2.7180000e+000
  0.0000000e+000  1.0622000e+002  2.5021000e+000
  0.0000000e+000  1.0632000e+002  2.4118000e+000
  0.0000000e+000  1.0642000e+002  2.2302000e+000
  0.0000000e+000  1.0652000e+002  2.3208000e+000
  0.0000000e+000  1.0662000e+002  2.2363000e+000
  0.0000000e+000  1.0675000e+002  2.3276000e+000
  0.0000000e+000  1.0682000e+002  2.3187000e+000
  0.0000000e+000  1.0692000e+002  2.2996000e+000
  0.0000000e+000  1.0702000e+002  2.4659000e+000
  0.0000000e+000  1.0713000e+002  2.3666000e+000
  0.0000000e+000  1.0722000e+002  2.3411000e+000
  0.0000000e+000  1.0732000e+002  2.3188000e+000
  0.0000000e+000  1.0742000e+002  2.4096000e+000
  0.0000000e+000  1.0752000e+002  2.4592000e+000
  0.0000000e+000  1.0762000e+002  2.4062000e+000
  0.0000000e+000  1.0772000e+002  2.4550000e+000
  0.0000000e+000  1.0782000e+002  2.3927000e+000
  0.0000000e+000  1.0792000e+002  2.5310000e+000
  0.0000000e+000  1.0802000e+002  2.7025000e+000
  0.0000000e+000  1.0812000e+002  2.6923000e+000
  0.0000000e+000  1.0825000e+002  2.6450000e+000
  0.0000000e+000  1.0832000e+002  2.5709000e+000
  0.0000000e+000  1.0842000e+002  2.5359500e+000
  0.0000000e+000  1.0852000e+002  2.5010000e+000
  0.0000000e+000  1.0863000e+002  2.5863000e+000
  0.0000000e+000  1.0872000e+002  2.3843000e+000
  0.0000000e+000  1.0882000e+002  2.5353000e+000
  0.0000000e+000  1.0892000e+002  2.3885000e+000
  0.0000000e+000  1.0902000e+002  2.3944000e+000
  0.0000000e+000  1.0912000e+002  2.5738000e+000
  0.0000000e+000  1.0922000e+002  2.6962000e+000
  0.0000000e+000  1.0932000e+002  2.6774000e+000
