1 0.534762 1.29061
1 0.540664 1.30703
1 0.546564 1.28639
1 0.552465 1.29854
1 0.558367 1.27641
1 0.564268 1.28745
1 0.57017 1.28745
1 0.576071 1.2344
1 0.581972 1.30915
1 0.587874 1.27275
1 0.593775 1.21395
1 0.599677 1.20887
1 0.605578 1.26075
1 0.61148 1.23542
1 0.617381 1.30013
1 0.623282 1.26232
1 0.629184 1.26909
1 0.635085 1.26805
1 0.640987 1.22824
1 0.646888 1.21548
1 0.65279 1.20735
1 0.658691 1.18968
1 0.670494 1.21141
1 0.676395 1.25297
1 0.682297 1.24624
1 0.688198 1.30969
1 0.694099 1.29272
1 0.700001 1.29219
1 0.711804 1.19723
1 0.717705 1.2262
1 0.723607 1.26284
1 0.729509 1.21141
1 0.73541 1.26909
1 0.741312 1.30066
1 0.747213 1.25712
1 0.753115 1.22927
1 0.759016 1.29008
1 0.764917 1.22722
1 0.770819 1.25038
1 0.77672 1.26492
1 0.782622 1.29219
1 0.788523 1.2644
1 0.794425 1.19723
1 0.800326 1.22517
1 0.806227 1.27223
1 0.812129 1.24418
1 0.81803 1.23491
1 0.823932 1.24263
1 0.829833 1.18366
1 0.835734 1.24676
1 0.841636 1.22364
1 0.847537 1.2038
1 0.853439 1.19572
1 0.85934 1.26753
1 0.865242 1.254
1 0.871143 1.26962
1 0.877044 1.2644
1 0.882946 1.28692
1 0.888847 1.27484
1 0.894749 1.29907
1 0.90065 1.22109
1 0.906551 1.29378
1 0.912453 1.32197
1 0.918354 1.24779
1 0.924256 1.25971
1 0.930157 1.22824
1 0.936059 1.25452
1 0.94196 1.25245
1 0.947861 1.27851
1 0.953763 1.26284
1 0.959664 1.25971
1 0.965566 1.30809
1 0.971467 1.25038
1 0.977368 1.25297
1 0.98327 1.29695
1 0.989171 1.30969
1 0.995073 1.29378
1 1.00097 1.27432
1 1.00688 1.30437
1 1.01278 1.21192
1 1.01868 1.29272
1 1.02458 1.24469
1 1.03048 1.3209
1 1.03638 1.30809
1 1.04228 1.28797
1 1.04819 1.28745
1 1.05409 1.24986
1 1.05999 1.27275
1 1.06589 1.31822
1 1.07179 1.24934
1 1.07769 1.29695
1 1.08359 1.28376
1 1.0895 1.32625
1 1.0954 1.2644
1 1.1013 1.29483
1 1.1072 1.23645
1 1.1131 1.28114
1 1.119 1.28587
1 1.1249 1.32197
1 1.13081 1.24883
1 1.13671 1.20887
1 1.14261 1.29536
1 1.14851 1.33055
1 1.15441 1.27851
1 1.16031 1.35
1 1.16621 1.34187
1 1.17212 1.36524
1 1.17802 1.31342
1 1.18392 1.31662
1 1.18982 1.40999
1 1.19572 1.38667
1 1.20162 1.39109
1 1.20752 1.37346
1 1.22523 1.36088
1 1.23113 1.39885
1 1.23703 1.35761
1 1.24293 1.33647
1 1.25474 1.3462
1 1.26064 1.33755
1 1.26654 1.36415
1 1.27244 1.35597
1 1.27834 1.36743
1 1.28424 1.34891
1 1.29014 1.34728
1 1.29605 1.36743
1 1.30195 1.31822
1 1.30785 1.4072
1 1.31375 1.33432
1 1.31965 1.40609
1 1.32555 1.34458
1 1.33145 1.36962
1 1.33736 1.34728
1 1.34326 1.40832
1 1.34916 1.39331
1 1.35506 1.50186
1 1.36096 1.41223
1 1.36686 1.4729
1 1.37276 1.41167
1 1.37866 1.37346
1 1.38457 1.38391
1 1.39047 1.38833
1 1.39637 1.44774
1 1.40227 1.38171
1 1.40817 1.4449
1 1.41407 1.46888
1 1.41997 1.41558
1 1.42588 1.33324
1 1.43178 1.3538
1 1.43768 1.38777
1 1.44358 1.30437
1 1.44948 1.41782
1 1.45538 1.35
1 1.46128 1.33163
1 1.46719 1.3587
1 1.47309 1.44149
1 1.47899 1.33755
1 1.48489 1.38281
1 1.49079 1.39608
1 1.49669 1.3773
1 1.50259 1.3784
1 1.5085 1.39054
1 1.5144 1.42287
1 1.5203 1.41334
1 1.5262 1.3773
1 1.5321 1.40553
1 1.538 1.38501
1 1.5439 1.38281
1 1.54981 1.36088
1 1.55571 1.32465
1 1.56161 1.35597
1 1.56751 1.39719
1 1.57341 1.33809
1 1.57931 1.31769
1 1.58521 1.35488
1 1.59112 1.40553
1 1.59702 1.40553
1 1.60292 1.34891
1 1.60882 1.33755
1 1.61472 1.36634
1 1.62062 1.34512
1 1.62652 1.36853
1 1.63243 1.33486
1 1.63833 1.31288
1 1.64423 1.34025
1 1.65013 1.33378
1 1.65603 1.29483
1 1.66193 1.38777
1 1.66783 1.27641
1 1.67374 1.41055
1 1.67964 1.35325
1 1.68554 1.31342
1 1.69144 1.39331
1 1.69734 1.33593
1 1.70324 1.41279
1 1.70914 1.37895
1 1.71505 1.33486
1 1.72095 1.34079
1 1.72685 1.35434
1 1.73275 1.33755
1 1.73865 1.32143
1 1.74455 1.38336
1 1.75045 1.34404
1 1.75636 1.27432
1 1.76226 1.37401
1 1.76816 1.3784
1 1.77406 1.34025
1 1.77996 1.34349
1 1.78586 1.29748
1 1.79176 1.30331
1 1.79767 1.27904
1 1.80357 1.30013
1 1.80947 1.35543
1 1.81537 1.35108
1 1.82127 1.3209
1 1.82717 1.38171
1 1.83307 1.3587
1 1.83898 1.31075
1 1.84488 1.3209
1 1.85078 1.37456
1 1.85668 1.40163
1 1.86258 1.33109
1 1.86848 1.36962
1 1.87438 1.40664
1 1.88029 1.39275
1 1.88619 1.39109
1 1.89209 1.30915
1 1.89799 1.36579
1 1.90389 1.31129
1 1.90979 1.36306
1 1.91569 1.37072
1 1.9216 1.3225
1 1.9275 1.28271
1 1.93341 1.35761
1 1.93931 1.42737
1 1.94521 1.36688
1 1.95111 1.33863
1 1.95701 1.36088
1 1.96292 1.34187
1 1.96882 1.31129
1 1.97472 1.31448
1 1.98062 1.28219
1 1.98652 1.33971
1 1.99242 1.3462
1 1.99832 1.32143
1 2.00423 1.37017
1 2.01013 1.35924
1 2.01603 1.35054
1 2.02193 1.3762
1 2.02783 1.40943
1 2.03373 1.38888
1 2.03963 1.38557
1 2.04554 1.38171
1 2.05144 1.33701
1 2.05734 1.40163
1 2.06324 1.40275
1 2.06914 1.44603
1 2.07504 1.40999
1 2.08094 1.37346
1 2.08684 1.46142
1 2.09275 1.48791
1 2.09865 1.45514
1 2.10455 1.38888
1 2.11045 1.35
1 2.11635 1.42963
1 2.12225 1.43188
1 2.12815 1.424
1 2.13406 1.44433
1 2.13996 1.37566
1 2.14586 1.45172
1 2.15176 1.46371
1 2.15766 1.4706
1 2.16356 1.4972
1 2.16946 1.39608
1 2.17537 1.39774
1 2.18127 1.43301
1 2.18717 1.45229
1 2.19307 1.36798
1 2.19897 1.3795
1 2.20487 1.38833
1 2.21077 1.41502
1 2.21668 1.35217
1 2.22258 1.40887
1 2.22848 1.31022
1 2.23438 1.35924
1 2.24028 1.35815
1 2.24618 1.40163
1 2.25208 1.45286
1 2.25799 1.47866
1 2.26389 1.42456
1 2.26979 1.37675
1 2.27569 1.39054
1 2.28159 1.42287
1 2.28749 1.36251
1 2.29339 1.43923
1 2.2993 1.36907
1 2.3052 1.34674
1 2.3111 1.39663
1 2.317 1.36907
1 2.3229 1.34079
1 2.3288 1.32304
1 2.3347 1.37401
1 2.34061 1.34241
1 2.34651 1.3762
1 2.35241 1.34837
1 2.35831 1.35652
1 2.36421 1.30013
1 2.37011 1.3538
1 2.37601 1.26544
1 2.38192 1.27118
1 2.38782 1.32197
1 2.39372 1.35543
1 2.39962 1.30703
1 2.40552 1.32894
1 2.41142 1.33701
1 2.41732 1.34187
1 2.42323 1.38667
1 2.42913 1.35434
1 2.43503 1.30013
1 2.44093 1.23851
1 2.45273 1.27799
1 2.45863 1.24934
1 2.46454 1.31129
1 2.47044 1.3049
1 2.47634 1.3209
1 2.48224 1.32625
1 2.48814 1.33971
1 2.49404 1.34674
1 2.49994 1.28376
1 2.50585 1.28955
1 2.51175 1.30013
1 2.51765 1.37895
1 2.52945 1.30756
1 2.53535 1.29536
1 2.54125 1.32143
1 2.54716 1.25608
1 2.55306 1.25868
1 2.55896 1.32465
1 2.56486 1.26544
1 2.57076 1.24779
1 2.57666 1.28745
1 2.58256 1.26128
1 2.58847 1.33001
1 2.59437 1.27694
1 2.60027 1.28534
1 2.71239 1.28009
1 2.71829 1.3647
1 2.73009 1.28271
1 2.73599 1.28219
1 2.74189 1.30756
1 2.74779 1.33593
1 2.7537 1.24057
1 2.7596 1.30172
1 2.7655 1.3209
1 2.7714 1.27904
1 2.7773 1.28166
1 2.7832 1.32894
1 2.7891 1.35217
1 2.79501 1.31929
1 2.80091 1.28271
1 2.80681 1.32733
1 2.81271 1.29008
1 2.81861 1.30862
1 2.82451 1.35
1 2.83041 1.31129
1 2.83632 1.29061
1 2.84222 1.32304
1 2.84812 1.30225
1 2.85402 1.31235
1 2.85992 1.30809
1 2.86582 1.3065
1 2.87172 1.33486
1 2.87762 1.31822
1 2.88353 1.30969
1 2.88943 1.34512
1 2.89533 1.39054
1 2.90123 1.40609
1 2.90713 1.31822
1 2.91303 1.3225
1 2.91894 1.33217
1 2.92484 1.3806
1 2.93074 1.33109
1 2.93664 1.31822
1 2.94254 1.34404
1 2.94844 1.31876
1 2.95434 1.37511
1 2.96024 1.31822
1 2.96615 1.33163
1 2.97205 1.27956
1 2.97795 1.33001
1 2.98385 1.38501
1 2.98975 1.35
1 2.99565 1.36088
1 3.00155 1.40887
1 3.00746 1.34187
1 3.01336 1.32894
1 3.01926 1.30756
1 3.02516 1.33378
1 3.03106 1.31288
1 3.03696 1.38391
1 3.04286 1.40108
1 3.04877 1.33217
1 3.05467 1.38116
1 3.06057 1.39719
1 3.06647 1.3327
1 3.07237 1.38999
1 3.07827 1.3647
1 3.08417 1.42793
1 3.09008 1.40052
1 3.09598 1.30437
1 3.10188 1.40999
1 3.10778 1.39663
1 3.11368 1.36142
1 3.11958 1.37236
1 3.12548 1.39275
1 3.13139 1.40832
1 3.13729 1.35325
1 3.14319 1.35271
1 3.14909 1.44887
1 3.15499 1.38999
1 3.16089 1.43075
1 3.16679 1.42681
1 3.1727 1.37401
1 3.1786 1.4072
1 3.1845 1.3795
1 3.1904 1.36798
1 3.1963 1.41334
1 3.2022 1.40776
1 3.2081 1.4167
1 3.21401 1.40108
1 3.22581 1.42119
1 3.23171 1.41838
1 3.23761 1.42963
1 3.24351 1.38722
1 3.24941 1.42963
1 3.25532 1.42625
1 3.26122 1.43527
1 3.26712 1.45229
1 3.27302 1.4466
1 3.27892 1.46028
1 3.28482 1.47463
1 3.29072 1.42007
1 3.29663 1.4167
1 3.30253 1.458
1 3.30843 1.49371
1 3.31433 1.43357
1 3.32023 1.43357
1 3.32613 1.3784
1 3.33203 1.39774
1 3.33794 1.4364
1 3.34384 1.39442
1 3.34974 1.44036
1 3.35564 1.46028
1 3.36154 1.35652
1 3.38515 1.4139
1 3.39105 1.39885
1 3.40285 1.44206
1 3.40876 1.40108
1 3.41466 1.40497
1 3.42057 1.38005
1 3.43827 1.39774
1 3.44417 1.35979
1 3.45007 1.46888
1 3.46778 1.36962
1 3.47368 1.42119
1 3.47958 1.49197
1 3.48548 1.45457
1 3.49138 1.4449
1 3.49728 1.38999
1 3.50319 1.42625
1 3.50909 1.44774
1 3.51499 1.47693
1 3.52089 1.47808
1 3.52679 1.45742
1 3.53269 1.3587
1 3.53859 1.33917
1 3.5445 1.44036
1 3.5504 1.3922
1 3.5563 1.36853
1 3.5622 1.3784
1 3.5681 1.44717
1 3.574 1.38171
1 3.5799 1.38999
1 3.5858 1.46142
1 3.59171 1.41055
1 3.59761 1.40999
1 3.60351 1.36962
1 3.60941 1.37566
1 3.61531 1.3795
1 3.62121 1.36088
1 3.62711 1.3538
1 3.63302 1.42963
1 3.63892 1.44546
1 3.64482 1.36579
1 3.65072 1.39275
1 3.65662 1.40776
1 3.66252 1.4139
1 3.66842 1.40553
NaN NaN NaN
1 4.74822 1.2996
1 4.75413 1.30543
1 4.76003 1.3762
1 4.76593 1.28376
1 4.77183 1.27223
1 4.77773 1.37511
1 4.78363 1.34295
1 4.78953 1.37785
1 4.79544 1.32304
1 4.80134 1.33324
1 4.80724 1.39608
1 4.81314 1.4139
1 4.81904 1.37072
1 4.82494 1.33486
1 4.83084 1.31129
1 4.83675 1.27904
1 4.84265 1.32733
1 4.84855 1.44546
1 4.85445 1.35597
1 4.86035 1.34728
1 4.86625 1.3762
1 4.87215 1.35924
1 4.87806 1.2885
1 4.88396 1.35271
1 4.88986 1.30543
1 4.89576 1.30384
1 4.90166 1.29325
1 4.90756 1.29483
1 4.91937 1.30384
1 4.92527 1.32197
1 4.93117 1.30331
1 4.93707 1.37566
1 4.94297 1.34241
1 4.94887 1.32679
1 4.95477 1.2885
1 4.96068 1.22722
1 4.96658 1.22875
1 4.97248 1.31502
1 4.98428 1.28482
1 4.99018 1.30969
1 4.99608 1.25608
1 5.00199 1.23902
1 5.01379 1.22262
1 5.01969 1.22978
1 5.03149 1.25245
1 5.0669 1.23132
1 5.0728 1.21599
1 5.0787 1.19774
1 5.32066 1.32465
1 5.32656 1.37895
1 5.33246 1.35543
1 5.33837 1.41334
1 5.34427 1.45685
1 5.35017 1.44944
1 5.35607 1.43075
1 5.36197 1.44376
1 5.36787 1.36688
1 5.37377 1.44944
1 5.37968 1.454
1 5.38558 1.42231
1 5.39148 1.39941
1 5.39738 1.39109
1 5.40328 1.47002
1 5.40918 1.38501
1 5.41508 1.39386
1 5.42099 1.43696
1 5.42689 1.42231
1 5.43279 1.40776
1 5.43869 1.53894
1 5.44459 1.39331
1 5.4505 1.40386
1 5.4564 1.41894
1 5.46231 1.3922
1 5.46821 1.35924
1 5.47411 1.39552
1 5.48001 1.40108
1 5.48591 1.40219
1 5.49181 1.43923
1 5.49771 1.38888
1 5.50362 1.41838
1 5.50952 1.4466
1 5.51542 1.49662
1 5.52132 1.38446
1 5.52722 1.40275
1 5.53312 1.46601
1 5.53902 1.41614
1 5.54493 1.46142
1 5.55083 1.38391
1 5.55673 1.43583
1 5.56263 1.45742
1 5.56853 1.41446
1 5.57443 1.41279
1 5.58033 1.44149
1 5.58624 1.42906
1 5.59214 1.41502
1 5.59804 1.41614
1 5.60394 1.45172
1 5.60984 1.42007
1 5.61574 1.424
1 5.62164 1.42007
1 5.62755 1.48213
1 5.63345 1.46945
1 5.63935 1.46601
1 5.64525 1.4167
1 5.65115 1.42456
1 5.65705 1.43527
1 5.66295 1.42737
1 5.66886 1.43075
1 5.67476 1.40275
1 5.68066 1.41223
1 5.68656 1.33109
1 5.69246 1.38722
1 5.69836 1.38999
1 5.70426 1.38501
1 5.71017 1.38501
1 5.71607 1.36361
1 5.72197 1.37895
1 5.72787 1.3762
1 5.73377 1.40219
1 5.73967 1.33378
1 5.74557 1.37291
1 5.75148 1.32679
1 5.75738 1.41279
1 5.76328 1.40609
1 5.76918 1.3209
1 5.77508 1.3284
1 5.78098 1.27327
1 5.78688 1.39331
1 5.79278 1.37401
1 5.79869 1.37511
1 5.80459 1.39997
1 5.81049 1.3983
1 5.81639 1.36907
1 5.82229 1.42175
1 5.82819 1.32411
1 5.8341 1.3327
1 5.84 1.35325
1 5.8459 1.34241
1 5.8518 1.33917
1 5.8577 1.36033
1 5.8636 1.38226
1 5.8695 1.33109
1 5.8754 1.34241
1 5.88131 1.36962
1 5.88721 1.37017
1 5.89311 1.36088
1 5.89901 1.36251
1 5.90491 1.31608
1 5.91081 1.31129
1 5.91671 1.33971
1 5.92262 1.33539
1 5.92852 1.30543
1 5.93442 1.36197
1 5.94032 1.30119
1 5.94622 1.31022
1 5.95212 1.3065
1 5.95802 1.2996
1 5.96393 1.32787
1 5.96983 1.25764
1 5.97573 1.28745
1 5.98163 1.28903
1 5.98753 1.27014
1 5.99343 1.31448
1 5.99933 1.34674
1 6.00524 1.26857
1 6.01114 1.28482
1 6.01704 1.26857
1 6.02294 1.28692
1 6.02884 1.3049
1 6.03474 1.34945
1 6.04064 1.26023
1 6.04655 1.33971
1 6.05245 1.29695
1 6.05835 1.34187
1 6.06425 1.34945
1 6.07015 1.3806
1 6.07605 1.3284
1 6.08195 1.33863
1 6.08786 1.36415
1 6.09376 1.29589
1 6.09966 1.32948
1 6.10556 1.36197
1 6.11146 1.34945
1 6.11736 1.29536
1 6.12326 1.38446
1 6.12917 1.36743
1 6.13507 1.32411
1 6.14097 1.32465
1 6.14687 1.35924
1 6.15277 1.40664
1 6.15867 1.36142
1 6.16457 1.34241
1 6.17833 1.39165
1 6.18424 1.41502
1 6.19604 1.43979
1 6.20194 1.45742
1 6.20784 1.32787
1 6.21374 1.42456
1 6.21964 1.37675
1 6.22555 1.42063
1 6.23145 1.39552
1 6.23735 1.39497
1 6.24325 1.36197
1 6.24915 1.43979
1 6.25505 1.38501
1 6.26095 1.31075
1 6.26686 1.37566
1 6.27276 1.3225
1 6.27866 1.38501
1 6.28456 1.42906
1 6.29046 1.40052
1 6.29636 1.48675
1 6.30226 1.38777
1 6.30817 1.39054
1 6.31407 1.41614
1 6.31997 1.45571
1 6.32587 1.45343
1 6.33177 1.49313
1 6.33767 1.43019
1 6.34357 1.45857
1 6.34948 1.45685
1 6.35538 1.48791
1 6.36128 1.43696
1 6.36718 1.43188
1 6.37308 1.47232
1 6.37898 1.42512
1 6.38488 1.49081
1 6.39079 1.50712
1 6.39669 1.45571
1 6.40259 1.42231
1 6.40849 1.40943
1 6.41439 1.4195
1 6.42029 1.49139
1 6.42619 1.45343
1 6.4321 1.52297
1 6.438 1.51063
1 6.4439 1.51591
1 6.4498 1.52592
1 6.4616 1.48965
1 6.4675 1.49837
1 6.47341 1.44433
1 6.47931 1.41502
1 6.48521 1.48039
1 6.49111 1.55922
1 6.49701 1.40664
1 6.50291 1.4972
1 6.50881 1.40664
1 6.51472 1.47175
1 6.52062 1.41055
1 6.52652 1.50654
1 6.53242 1.42456
1 6.53832 1.39497
1 6.54422 1.38336
1 6.55012 1.45115
1 6.55603 1.43583
1 6.56193 1.46085
1 6.56783 1.47635
1 6.57373 1.43527
1 6.57963 1.47117
1 6.58553 1.454
1 6.59143 1.43583
1 6.59734 1.41782
1 6.60324 1.4827
1 6.60914 1.43132
1 6.61504 1.4167
1 6.62094 1.38391
1 6.62684 1.48444
1 6.63274 1.46257
1 6.63864 1.43527
1 6.64455 1.47405
1 6.65045 1.34891
1 6.65635 1.44376
1 6.66225 1.36743
1 6.66815 1.44603
1 6.67405 1.45571
1 6.67995 1.40832
1 6.68586 1.45058
1 6.69176 1.46658
1 6.69766 1.44831
1 6.70356 1.48155
1 6.70946 1.5212
1 6.71536 1.43357
1 6.72127 1.47002
1 6.72717 1.43923
1 6.73307 1.47866
1 6.73897 1.44036
1 6.74487 1.43301
1 6.75077 1.42007
1 6.75667 1.42681
1 6.76257 1.35652
1 6.76848 1.39719
1 6.77438 1.43075
1 6.78028 1.38999
1 6.78618 1.34728
1 6.79208 1.43301
1 6.79798 1.42625
1 6.80388 1.458
1 6.80979 1.41726
1 6.81569 1.36361
1 6.82159 1.38116
1 6.82749 1.41223
1 6.83339 1.40832
1 6.83929 1.50537
1 6.84519 1.424
1 6.8511 1.40108
1 6.857 1.46486
1 6.8629 1.45001
1 6.8688 1.48213
1 6.8747 1.43866
1 6.88061 1.48733
1 6.88651 1.46715
1 6.89242 1.52474
1 6.89832 1.47463
1 6.90422 1.48097
1 6.91012 1.45457
1 6.91602 1.51415
1 6.92192 1.5212
1 6.92782 1.54013
1 6.93373 1.4752
1 6.93963 1.46773
1 6.94553 1.46314
1 6.95143 1.46486
1 6.95733 1.51474
1 6.96323 1.50712
1 6.96913 1.47751
1 6.97504 1.44774
1 6.98094 1.50829
1 6.98684 1.46371
1 6.99274 1.4827
1 7.00454 1.52356
1 7.01044 1.46543
1 7.01635 1.53182
1 7.02225 1.42287
1 7.02815 1.44206
1 7.03405 1.52238
1 7.03995 1.46715
1 7.04585 1.462
1 7.05175 1.42175
1 7.05766 1.41838
1 7.06356 1.39386
1 7.06946 1.39165
1 7.07536 1.49139
1 7.08126 1.40776
1 7.08716 1.39719
1 7.09306 1.4449
1 7.09897 1.31395
1 7.10487 1.33378
1 7.11077 1.40776
1 7.11667 1.38943
1 7.12257 1.38446
1 7.12847 1.40664
1 7.13437 1.45058
1 7.14618 1.42568
1 7.15208 1.36524
1 7.15798 1.3784
1 7.16388 1.37401
1 7.16978 1.4347
1 7.17568 1.31555
1 7.18159 1.3225
1 7.18749 1.4364
1 7.19339 1.3762
1 7.19929 1.42287
1 7.20519 1.454
1 7.21109 1.39054
1 7.21699 1.41894
1 7.2229 1.43019
1 7.2288 1.46028
1 7.2347 1.40553
1 7.2406 1.34891
1 7.2465 1.38171
1 7.2524 1.43753
1 7.2583 1.37511
1 7.26421 1.40442
1 7.27011 1.32787
1 7.27601 1.30119
1 7.28191 1.37072
1 7.28781 1.37566
1 7.29371 1.38446
1 7.29961 1.27851
1 7.30551 1.32679
1 7.31142 1.36579
1 7.31732 1.39608
1 7.32322 1.27275
1 7.32912 1.3462
1 7.33502 1.27746
1 7.34092 1.3538
1 7.34682 1.28903
1 7.35273 1.31342
1 7.35863 1.29114
1 7.36453 1.33001
1 7.37043 1.33432
1 7.37633 1.27851
1 7.38223 1.37895
1 7.38814 1.36415
1 7.39404 1.37127
1 7.39994 1.3327
1 7.40584 1.35434
1 7.41174 1.34566
1 7.41764 1.3049
1 7.42354 1.3462
1 7.42944 1.34025
1 7.43535 1.34133
1 7.44125 1.33432
1 7.44715 1.35706
1 7.45305 1.3587
1 7.45895 1.35
1 7.46485 1.29801
1 7.47076 1.39442
1 7.47666 1.38226
1 7.48256 1.34837
1 7.48846 1.33432
1 7.49436 1.30066
1 7.50026 1.38557
1 7.50616 1.39054
1 7.51206 1.39663
1 7.51797 1.38171
1 7.52387 1.37291
1 7.52977 1.40553
1 7.53567 1.40219
1 7.54157 1.34349
1 7.54747 1.42343
1 7.55337 1.4139
1 7.55928 1.36798
1 7.56518 1.35162
1 7.57108 1.36306
1 7.57698 1.40664
1 7.58288 1.4466
1 7.58878 1.44774
1 7.59468 1.35924
1 7.60059 1.37346
1 7.60649 1.46142
1 7.61239 1.40943
1 7.61829 1.46257
1 7.62419 1.39608
1 7.63009 1.44887
1 7.65369 1.45571
1 7.65959 1.49837
1 7.66549 1.45571
1 7.67139 1.4683
1 7.67729 1.52061
1 7.6832 1.42963
1 7.6891 1.53005
1 7.695 1.38888
1 7.7009 1.43923
1 7.7068 1.47808
1 7.7127 1.39552
1 7.7186 1.47117
1 7.72451 1.37566
1 7.73041 1.46142
1 7.73631 1.43583
1 7.74221 1.41279
1 7.74811 1.48617
1 7.75401 1.44774
1 7.75991 1.43979
1 7.76582 1.44433
1 7.77172 1.462
1 7.77762 1.45628
1 7.78352 1.4827
1 7.78942 1.39109
1 7.79532 1.37291
1 7.80122 1.41446
1 7.80713 1.40943
1 7.81303 1.37401
1 7.81893 1.37895
1 7.82483 1.38116
1 7.83073 1.43583
1 7.83663 1.42287
1 7.84253 1.35108
1 7.84844 1.38722
1 7.85434 1.37785
1 7.86024 1.36361
1 7.86614 1.42625
1 7.87204 1.43696
1 7.88384 1.38501
1 7.88975 1.36907
1 7.89565 1.4167
1 7.90155 1.43866
1 7.90745 1.43301
1 7.91335 1.39054
1 7.91925 1.39054
1 7.92515 1.35652
1 7.93106 1.45001
1 7.93696 1.40609
1 7.94286 1.40275
1 7.94876 1.33217
1 7.95466 1.44887
1 7.96056 1.43075
1 7.96646 1.37401
1 7.97237 1.37895
1 7.97827 1.37072
1 7.98417 1.39774
1 7.99007 1.40163
1 7.99597 1.38391
1 8.00187 1.37511
1 8.00777 1.37017
1 8.01368 1.40386
1 8.01958 1.38281
1 8.02548 1.3462
1 8.03138 1.40052
1 8.03727 1.39386
1 8.04317 1.38999
1 8.04907 1.33432
1 8.05498 1.35
1 8.06088 1.41726
1 8.06678 1.42343
1 8.07268 1.36579
1 8.07858 1.37511
1 8.08448 1.35543
1 8.09038 1.31769
1 8.09629 1.39774
1 8.10219 1.34674
1 8.10809 1.27904
1 8.11399 1.33809
1 8.11989 1.38336
1 8.12579 1.39331
1 8.13169 1.42231
1 8.1376 1.35
1 8.1435 1.3806
1 8.1494 1.37017
1 8.1553 1.37456
1 8.1612 1.35924
1 8.1671 1.33217
1 8.17299 1.35543
1 8.1789 1.40386
1 8.1848 1.40776
1 8.1907 1.39719
1 8.1966 1.38557
1 8.2025 1.37511
1 8.2084 1.46888
1 8.2143 1.4706
1 8.22021 1.38557
1 8.22611 1.40163
1 8.23201 1.37675
1 8.23791 1.36853
1 8.24381 1.41502
1 8.24971 1.35434
1 8.25561 1.34079
1 8.26152 1.33647
1 8.26742 1.39608
1 8.27332 1.41894
1 8.27922 1.42119
1 8.28512 1.43414
1 8.29102 1.3762
1 8.29692 1.3983
1 8.30283 1.38667
1 8.30872 1.38722
1 8.31462 1.41894
1 8.32052 1.41782
1 8.32642 1.48039
1 8.33232 1.40609
1 8.33822 1.45286
1 8.34412 1.43188
1 8.35003 1.40609
1 8.35593 1.42119
1 8.36183 1.42625
1 8.36773 1.43357
1 8.37363 1.44149
1 8.37953 1.47463
1 8.38544 1.49895
1 8.39134 1.39331
1 8.39724 1.44546
1 8.40314 1.48617
1 8.40904 1.42231
1 8.41494 1.48907
1 8.42084 1.39054
1 8.42674 1.42568
1 8.43265 1.38446
1 8.43855 1.36524
1 8.44444 1.40999
1 8.45034 1.4285
1 8.45624 1.38391
1 8.46214 1.45514
1 8.46805 1.44263
1 8.47395 1.4364
1 8.47985 1.37456
1 8.48575 1.49197
1 8.49165 1.41111
1 8.49755 1.4167
1 8.50345 1.47693
1 8.50936 1.45001
1 8.51526 1.38777
1 8.52116 1.37127
1 8.52706 1.40442
1 8.53296 1.38888
1 8.53886 1.4139
1 8.54476 1.43809
1 8.55066 1.42231
1 8.55657 1.36524
1 8.56247 1.47578
1 8.56837 1.49371
1 8.57427 1.39997
1 8.58016 1.33701
1 8.58606 1.3462
1 8.59197 1.40275
1 8.59787 1.36361
1 8.60377 1.38722
1 8.60967 1.37785
1 8.61557 1.37401
1 8.62147 1.43132
1 8.62737 1.37236
1 8.63327 1.3327
1 8.63918 1.38888
1 8.64508 1.37291
1 8.65098 1.35
1 8.65688 1.43696
1 8.66278 1.39719
1 8.66868 1.40609
1 8.67458 1.42119
1 8.68049 1.39442
1 8.68639 1.35271
1 8.69229 1.34025
1 8.69819 1.3983
1 8.70409 1.35162
1 8.70999 1.31608
1 8.71589 1.31662
1 8.72179 1.39885
1 8.72769 1.3795
1 8.73359 1.34728
1 8.73949 1.33647
1 8.74539 1.41167
1 8.75129 1.42007
1 8.75719 1.38116
1 8.7631 1.3773
1 8.769 1.45628
1 8.7749 1.36142
1 8.7808 1.42793
1 8.7867 1.4167
1 8.7926 1.34241
1 8.79851 1.41446
1 8.80441 1.41446
1 8.81031 1.37511
1 8.81621 1.35108
1 8.82211 1.37127
1 8.82801 1.37401
1 8.83391 1.37401
1 8.83982 1.30013
1 8.84572 1.37785
1 8.85161 1.34512
1 8.85751 1.37017
1 8.86341 1.34187
1 8.86931 1.36743
1 8.87521 1.36853
1 8.88111 1.38943
1 8.88702 1.38777
1 8.89292 1.35652
1 8.89882 1.35761
1 8.90472 1.32465
1 8.91062 1.41894
1 8.91652 1.2996
1 8.92243 1.32411
1 8.92833 1.30331
1 8.93423 1.27484
1 8.94013 1.31876
1 8.94603 1.27537
1 8.95193 1.32411
1 8.95783 1.3225
1 8.96373 1.2738
1 8.96964 1.25868
1 8.97554 1.33109
1 8.98144 1.24676
1 8.98733 1.26128
1 8.99323 1.29483
1 8.99913 1.25245
1 9.00503 1.24418
1 9.01094 1.30809
1 9.01684 1.28061
1 9.02274 1.32625
1 9.02864 1.2738
1 9.03454 1.3065
1 9.04044 1.33917
1 9.04635 1.26336
1 9.05225 1.29536
1 9.05815 1.33163
1 9.06405 1.32948
1 9.06995 1.2738
1 9.07585 1.32679
1 9.08175 1.29642
1 9.08766 1.3773
1 9.09356 1.36634
1 9.13499 1.37236
1 9.14095 1.31876
1 9.1469 1.32679
1 9.15285 1.38116
1 9.1588 1.39109
1 9.16475 1.40609
1 9.1707 1.44206
1 9.17665 1.36579
1 9.1826 1.45685
1 9.18855 1.39885
1 9.1945 1.37785
1 9.20045 1.34187
1 9.2064 1.36743
1 9.21235 1.39663
1 9.2183 1.35217
1 9.22425 1.34728
1 9.2302 1.34241
1 9.23615 1.36524
1 9.2421 1.36743
1 9.24806 1.39165
1 9.25401 1.38116
1 9.25996 1.41223
1 9.26591 1.41279
1 9.27186 1.38667
1 9.27781 1.43583
1 9.28376 1.45172
1 9.28971 1.44376
1 9.29566 1.48907
1 9.30161 1.42793
1 9.30756 1.4347
1 9.31351 1.50128
1 9.31946 1.4364
1 9.32541 1.424
1 9.33136 1.4347
1 9.33731 1.44887
1 9.34327 1.46543
1 9.34922 1.44774
1 9.35517 1.52356
1 9.36112 1.44376
1 9.36707 1.44887
NaN 9.37854 1.45971
NaN 9.39188 1.45514
NaN 9.40521 1.41838
NaN 9.41855 1.42793
NaN 9.43188 1.3762
NaN 9.44524 1.46429
NaN 9.45858 1.40553
NaN 9.47191 1.50654
NaN 9.48525 1.41446
NaN 9.49858 1.5118
NaN 9.51192 1.46543
NaN 9.52525 1.43753
NaN 9.53859 1.44887
NaN 9.55192 1.48097
NaN 9.56526 1.43188
NaN 9.57859 1.4364
NaN 9.59193 1.3806
NaN 9.60526 1.51239
NaN 9.6186 1.40776
NaN 9.63193 1.46715
NaN 9.64527 1.46715
NaN 9.6586 1.44093
NaN 9.67194 1.37785
NaN 9.68527 1.41446
NaN 9.69861 1.44887
NaN 9.71194 1.39109
NaN 9.72528 1.44774
NaN 9.73862 1.49604
NaN 9.75195 1.42737
NaN 9.76528 1.43866
NaN 9.77862 1.3773
NaN 9.79195 1.45115
NaN 9.80529 1.48791
NaN 9.81863 1.42287
NaN 9.83196 1.48386
NaN 9.8453 1.44774
2 9.85703 1.45971
2 9.86446 1.49604
2 9.8719 1.45514
2 9.87934 1.51239
2 9.88678 1.47982
2 9.89422 1.52179
2 9.90165 1.48791
2 9.90909 1.40219
2 9.91653 1.48328
2 9.92397 1.49139
2 9.93141 1.47347
2 9.93885 1.42793
2 9.94628 1.49023
2 9.95372 1.49778
2 9.96116 1.49546
2 9.9686 1.44717
2 9.97604 1.5425
2 9.98348 1.49371
2 9.99091 1.48733
2 9.99835 1.49604
2 10.0058 1.41782
2 10.0132 1.48386
2 10.0207 1.41614
2 10.0281 1.47635
2 10.0355 1.41223
2 10.043 1.47693
2 10.0504 1.44206
2 10.0579 1.4972
2 10.0653 1.43188
2 10.0727 1.38557
2 10.0802 1.48097
2 10.0876 1.47463
2 10.095 1.45971
2 10.1025 1.49778
2 10.1099 1.48502
2 10.1174 1.48039
2 10.1248 1.44546
2 10.1322 1.4195
2 10.1397 1.4033
2 10.1471 1.39054
2 10.1546 1.41502
2 10.162 1.4285
2 10.1694 1.35162
2 10.1769 1.44546
2 10.1843 1.4466
2 10.1917 1.50829
2 10.1992 1.43132
2 10.2066 1.47751
2 10.2141 1.52061
2 10.2215 1.50654
2 10.2289 1.51591
2 10.2364 1.42456
2 10.2438 1.47405
2 10.2513 1.50946
2 10.2587 1.48386
2 10.2661 1.47808
2 10.2736 1.48675
2 10.281 1.49837
2 10.2885 1.45229
2 10.2959 1.51708
2 10.3034 1.48559
2 10.3107 1.50478
2 10.3182 1.50946
2 10.3256 1.44319
2 10.3331 1.40275
2 10.3405 1.41111
2 10.348 1.48559
2 10.3554 1.48444
2 10.3629 1.39997
2 10.3703 1.43696
2 10.3778 1.4466
2 10.3851 1.42175
2 10.3926 1.44433
2 10.4 1.40664
2 10.4075 1.48213
2 10.4149 1.37236
2 10.4224 1.45058
2 10.4298 1.44717
2 10.4373 1.37511
2 10.4446 1.4072
2 10.4521 1.33486
2 10.4595 1.4072
2 10.467 1.41894
2 10.4744 1.37675
2 10.4819 1.38722
2 10.4893 1.30119
2 10.4968 1.40999
2 10.5041 1.45229
2 10.5116 1.43019
2 10.519 1.41614
2 10.5265 1.46314
2 10.5339 1.44603
2 10.5414 1.42793
2 10.5488 1.47002
2 10.5563 1.43075
2 10.5636 1.45058
2 10.5711 1.45628
2 10.5785 1.45971
2 10.586 1.49023
2 10.5934 1.38943
2 10.6009 1.4364
2 10.6083 1.41334
2 10.6158 1.48907
2 10.6232 1.43979
2 10.6307 1.40664
2 10.638 1.45628
2 10.6455 1.43132
2 10.6529 1.35488
2 10.6604 1.43301
2 10.6678 1.424
2 10.6753 1.39608
2 10.6827 1.40943
2 10.6902 1.43301
2 10.6975 1.35108
2 10.705 1.36088
2 10.7124 1.47405
2 10.7199 1.40497
2 10.7273 1.44263
2 10.7348 1.3806
2 10.7422 1.39774
2 10.7497 1.44149
2 10.757 1.31022
2 10.7645 1.39885
2 10.7719 1.3784
2 10.7794 1.3983
2 10.7868 1.38391
2 10.7943 1.46888
2 10.8017 1.42175
2 10.8092 1.45286
2 10.8165 1.42963
2 10.824 1.44206
2 10.8314 1.43979
2 10.8389 1.44319
2 10.8463 1.43979
2 10.8538 1.48213
2 10.8612 1.47578
2 10.8687 1.48675
2 10.8761 1.42063
2 10.8836 1.45457
2 10.8909 1.50595
2 10.8984 1.46314
2 10.9058 1.45115
2 10.9133 1.45742
2 10.9207 1.46028
2 10.9282 1.40776
2 10.9356 1.48155
2 10.9431 1.42793
2 10.9504 1.49488
2 10.9579 1.40832
2 10.9653 1.52003
2 10.9728 1.46028
2 10.9802 1.44887
2 10.9877 1.40553
2 10.9951 1.4943
2 11.0026 1.46314
2 11.0099 1.3795
2 11.0174 1.44546
2 11.0248 1.52061
2 11.0323 1.45742
2 11.0397 1.5425
2 11.0472 1.45857
2 11.0546 1.46085
2 11.0621 1.46658
2 11.0694 1.47866
2 11.0769 1.46945
2 11.0843 1.58212
2 11.0918 1.44206
2 11.0992 1.50186
2 11.1067 1.44887
2 11.1285 1.44944
2 11.136 1.41558
2 11.1433 1.48559
2 11.1508 1.41726
2 11.1582 1.38612
2 11.1657 1.47232
2 11.1731 1.40664
2 11.1806 1.4285
2 11.188 1.454
2 11.1955 1.45457
2 11.2028 1.3538
2 11.2103 1.38226
2 11.2177 1.40832
2 11.2252 1.36524
2 11.2326 1.39997
2 11.2401 1.44319
2 11.2475 1.3784
2 11.255 1.41111
2 11.2623 1.45571
2 11.2698 1.34349
2 11.2772 1.41782
2 11.2847 1.39442
2 11.2921 1.34404
2 11.2996 1.38226
2 11.307 1.4347
2 11.3145 1.41614
2 11.3219 1.40497
2 11.3294 1.44546
2 11.3367 1.44093
2 11.3442 1.42175
2 11.3516 1.46028
2 11.3591 1.43696
2 11.3665 1.40664
2 11.374 1.4943
2 11.3814 1.44831
2 11.3889 1.45001
2 11.3962 1.40887
2 11.4037 1.46543
2 11.4111 1.50186
2 11.4186 1.40664
2 11.426 1.50595
2 11.4335 1.38833
2 11.4409 1.44831
2 11.4484 1.53419
2 11.4557 1.45343
2 11.4632 1.45857
2 11.4706 1.45514
2 11.4781 1.40943
2 11.4855 1.48213
2 11.493 1.40386
2 11.5004 1.46945
2 11.5079 1.45685
2 11.5152 1.49197
2 11.5227 1.50186
2 11.5301 1.48097
2 11.5376 1.45514
2 11.545 1.5118
2 11.5525 1.43809
2 11.5599 1.49953
2 11.5674 1.4706
2 11.5748 1.50186
2 11.5823 1.50946
2 11.5896 1.49139
2 11.5971 1.45571
2 11.6045 1.49255
2 11.612 1.55144
2 11.6194 1.56642
2 11.6269 1.53419
2 11.6343 1.40664
2 11.6418 1.48328
2 11.6491 1.52179
2 11.6566 1.43809
2 11.6715 1.53064
2 11.6789 1.45172
2 11.6864 1.49604
2 11.6938 1.53301
2 11.7013 1.49953
2 11.7086 1.49197
2 11.7161 1.55742
2 11.7235 1.56342
2 11.731 1.51298
2 11.7384 1.52238
2 11.7459 1.51063
2 11.7533 1.51415
2 11.7608 1.53005
2 11.7682 1.49197
2 11.7757 1.53123
2 11.783 1.4827
2 11.7905 1.53656
2 11.7979 1.48965
2 11.8054 1.44603
2 11.8128 1.48849
2 11.8203 1.55264
2 11.8277 1.52003
2 11.8352 1.50186
2 11.8425 1.47808
2 11.85 1.4752
2 11.8574 1.5336
2 11.8649 1.48849
2 11.8723 1.48617
2 11.8798 1.45001
2 11.8872 1.4752
2 11.8947 1.45857
2 11.902 1.4364
2 11.9095 1.43414
2 11.9169 1.36524
2 11.9244 1.40497
2 11.9318 1.41558
2 11.9393 1.37401
2 11.9467 1.40832
2 11.9542 1.3762
2 11.9615 1.38777
2 11.969 1.38999
2 11.9764 1.32465
2 11.9839 1.38281
2 11.9913 1.32894
2 11.9988 1.3209
2 12.0062 1.34945
2 12.0137 1.3462
2 12.0211 1.40609
2 12.0286 1.33324
2 12.0359 1.34945
2 12.0434 1.3209
2 12.0508 1.33647
2 12.0583 1.36579
2 12.0657 1.33863
2 12.0732 1.32948
2 12.0806 1.35979
2 12.0881 1.35054
2 12.0954 1.33917
2 12.1029 1.40386
2 12.1103 1.36853
2 12.1178 1.40609
2 12.1252 1.29854
2 12.1327 1.40832
2 12.1401 1.40163
2 12.1476 1.37181
2 12.1549 1.3538
2 12.1624 1.34783
2 12.1698 1.33647
2 12.1773 1.34728
2 12.1847 1.38999
2 12.1922 1.31822
2 12.1996 1.34728
2 12.2071 1.39941
2 12.2144 1.36798
2 12.2219 1.35271
2 12.2293 1.32304
2 12.2368 1.37181
2 12.2442 1.36853
2 12.2517 1.40386
2 12.2591 1.37566
2 12.2666 1.4033
2 12.274 1.38999
2 12.2815 1.36907
2 12.2888 1.4072
2 12.2963 1.39774
2 12.3037 1.41111
2 12.3112 1.38005
2 12.3186 1.40219
2 12.3261 1.41782
2 12.3335 1.43075
2 12.341 1.3922
2 12.3483 1.42287
2 12.3558 1.46371
2 12.3632 1.41894
2 12.3707 1.36579
2 12.3781 1.39719
2 12.3856 1.42063
2 12.393 1.424
2 12.4078 1.40442
2 12.4153 1.43019
2 12.4227 1.37895
2 12.4302 1.38777
2 12.4376 1.44206
2 12.4451 1.42793
2 12.46 1.41167
2 12.4673 1.41446
2 12.4748 1.39885
2 12.4822 1.39885
2 12.4897 1.42681
2 12.4971 1.3538
2 12.5046 1.3806
2 12.512 1.38226
2 12.5195 1.43414
2 12.5269 1.43527
2 12.5344 1.39608
2 12.5417 1.36088
2 12.5492 1.31288
2 12.5566 1.34945
2 12.5715 1.41223
2 12.579 1.37566
2 12.9727 1.48213
2 12.9802 1.41223
2 12.9875 1.41279
2 12.995 1.4449
2 13.0024 1.4449
2 13.0099 1.48791
2 13.0173 1.41111
2 13.0248 1.46257
2 13.0322 1.47808
2 13.0397 1.40052
2 13.047 1.42681
2 13.0545 1.3762
2 13.0619 1.47578
2 13.0694 1.46486
2 13.0768 1.46658
2 13.0843 1.38446
2 13.0917 1.40497
2 13.0992 1.45229
2 13.1065 1.44546
2 13.114 1.45286
2 13.1214 1.4347
2 13.1289 1.33001
2 13.1363 1.4449
2 13.1438 1.43583
2 13.1512 1.37401
2 13.1587 1.44149
2 13.166 1.34728
2 13.1735 1.35325
2 13.1809 1.35217
2 13.1884 1.3647
2 13.2033 1.40832
2 13.2107 1.39386
2 13.2182 1.47751
2 13.2256 1.42007
2 13.2331 1.40999
2 13.2404 1.33863
2 13.2479 1.44376
2 13.2553 1.43244
2 13.2628 1.49081
2 13.2702 1.36524
2 13.2777 1.43019
2 13.2851 1.37675
2 13.2926 1.40386
2 13.2999 1.40163
2 13.3074 1.39997
2 13.3148 1.37511
2 13.3223 1.36798
2 13.3297 1.45001
2 13.3372 1.43301
2 13.3446 1.39109
2 13.3521 1.40275
2 13.3594 1.4827
2 13.3669 1.41167
2 13.3743 1.39497
2 13.3818 1.39386
2 13.3892 1.37895
2 13.3967 1.454
2 13.4041 1.3773
2 13.4116 1.38999
2 13.4189 1.44263
2 13.4338 1.44206
2 13.4413 1.43527
2 13.4487 1.42963
2 13.4562 1.42456
2 13.4636 1.3983
2 13.4711 1.45514
2 13.4785 1.43132
2 13.486 1.40553
2 13.4933 1.36798
2 13.5008 1.41614
2 13.5082 1.46658
2 13.5157 1.40442
2 13.5231 1.44774
2 13.5306 1.41279
2 13.538 1.46486
2 13.5455 1.41334
2 13.5528 1.44263
2 13.5603 1.50362
2 13.5677 1.39331
2 13.5752 1.41446
2 13.5826 1.38281
2 13.5901 1.41894
2 13.5975 1.43527
2 13.605 1.4072
2 13.6123 1.44944
2 13.6198 1.3784
2 13.6272 1.38446
2 13.6347 1.39109
2 13.6421 1.43244
2 13.6496 1.47808
2 13.657 1.43132
2 13.6645 1.36088
2 13.6718 1.45286
2 13.6793 1.45457
2 13.6867 1.42512
2 13.6942 1.48559
2 13.7016 1.39165
2 13.7091 1.40664
2 13.7165 1.42007
2 13.724 1.42456
2 13.7314 1.51944
2 13.7389 1.42119
2 13.7462 1.4139
2 13.7537 1.4729
2 13.7611 1.49197
2 13.7686 1.48849
2 13.776 1.42906
2 13.7835 1.43414
2 13.7909 1.44603
2 13.7984 1.44944
2 13.8057 1.50186
2 13.8132 1.45058
2 13.8206 1.48502
2 13.8281 1.46715
2 13.8355 1.38226
2 13.843 1.4706
2 13.8504 1.43244
2 13.8579 1.41838
2 13.8652 1.49546
2 13.8727 1.49953
2 13.8801 1.4466
2 13.8876 1.49895
2 13.895 1.48328
2 13.9025 1.49081
2 13.9099 1.52179
2 13.9174 1.45571
2 13.9247 1.47117
2 13.9323 1.45857
2 13.9396 1.48039
2 13.9471 1.44376
2 13.9545 1.5165
2 13.962 1.4449
2 13.9694 1.49197
2 13.9769 1.51708
2 13.9843 1.51356
2 13.9918 1.46085
2 13.9991 1.47175
2 14.0066 1.52769
2 14.014 1.45343
2 14.0215 1.50888
2 14.0289 1.57245
2 14.0364 1.51767
2 14.0438 1.4752
2 14.0513 1.6151
2 14.0586 1.44603
2 14.0661 1.45857
2 14.0735 1.52297
2 14.081 1.43809
2 14.0884 1.48039
2 14.0959 1.50595
2 14.1033 1.462
2 14.1108 1.50595
2 14.1181 1.57004
2 14.1256 1.50303
2 14.133 1.53953
2 14.1405 1.52769
2 14.1479 1.51708
2 14.1554 1.5165
2 14.1628 1.462
2 14.1703 1.54607
2 14.1776 1.51356
2 14.1852 1.45971
2 14.1925 1.52946
2 14.2 1.51885
2 14.2074 1.53834
2 14.2149 1.54727
2 14.2223 1.50362
2 14.2298 1.45343
2 14.2372 1.51005
2 14.2447 1.5077
2 14.252 1.50012
2 14.2595 1.55622
2 14.2669 1.50012
2 14.2744 1.52828
2 14.2818 1.51532
2 14.2893 1.48849
2 14.2967 1.51767
2 14.3042 1.53479
2 14.3115 1.48444
2 14.319 1.49371
2 14.3264 1.56883
2 14.3339 1.52828
2 14.3413 1.46715
2 14.3488 1.45229
2 14.3562 1.53775
2 14.3637 1.49604
2 14.371 1.45628
2 14.3785 1.42007
2 14.3859 1.46715
2 14.3934 1.51532
2 14.4008 1.49837
2 14.4083 1.43809
2 14.4157 1.51708
2 14.4232 1.41334
2 14.4305 1.48502
2 14.4381 1.48097
2 14.4454 1.51885
2 14.4529 1.50537
2 14.4603 1.41782
2 14.4678 1.47866
2 14.4752 1.43414
2 14.4827 1.51356
2 14.4901 1.45343
2 14.4976 1.46658
2 14.5049 1.51708
2 14.5124 1.46486
2 14.5198 1.55922
2 14.5273 1.49895
2 14.5347 1.46715
2 14.5422 1.49604
2 14.5496 1.4139
2 14.5571 1.51298
2 14.5644 1.5336
2 14.5719 1.54013
2 14.5793 1.48213
2 14.5868 1.48213
2 14.5942 1.55204
2 14.6017 1.53953
2 14.6091 1.52769
2 14.6166 1.48386
2 14.6239 1.51356
2 14.6314 1.54607
2 14.6388 1.55204
2 14.6463 1.51885
2 14.6537 1.5007
2 14.6612 1.54488
2 14.6686 1.46773
2 14.6761 1.51826
2 14.6834 1.53419
2 14.691 1.44831
2 14.6983 1.50186
2 14.7058 1.57366
2 14.7132 1.51415
2 14.7207 1.49953
2 14.7281 1.5425
2 14.7356 1.53775
2 14.743 1.55862
2 14.7505 1.54727
2 14.7578 1.5118
2 14.7653 1.50654
2 14.7727 1.61019
2 14.7802 1.52474
2 14.7876 1.52887
2 14.7951 1.57004
2 14.8025 1.57668
2 14.8242 1.55563
2 14.8316 1.55144
2 14.839 1.57124
2 14.8464 1.5803
2 14.8611 1.50888
2 14.8685 1.48617
2 14.8759 1.55264
2 14.8832 1.58455
2 14.8906 1.46945
2 14.898 1.51532
2 14.9054 1.5118
2 14.9127 1.49488
2 14.9201 1.49023
2 14.9275 1.54667
2 14.9349 1.50245
2 14.9423 1.57004
2 14.9496 1.53834
2 14.957 1.48502
2 14.9644 1.5007
2 14.9718 1.53894
2 14.9791 1.52179
2 14.9865 1.53123
2 14.9939 1.50012
2 15.0013 1.50654
2 15.0086 1.49662
2 15.016 1.51591
2 15.0234 1.5271
2 15.0308 1.47924
2 15.0382 1.48328
2 15.0455 1.51474
2 15.0529 1.41111
2 15.0603 1.42737
2 15.0677 1.46543
2 15.075 1.49255
2 15.0824 1.5118
2 15.0898 1.55204
2 15.0972 1.45058
2 15.1045 1.40776
2 15.1119 1.48039
2 15.1193 1.46314
2 15.1267 1.46142
2 15.1341 1.41726
2 15.1414 1.3983
2 15.1488 1.34837
2 15.1562 1.32894
2 15.1636 1.43019
2 15.1709 1.42287
2 15.1783 1.44831
2 15.1857 1.4683
2 15.1931 1.46715
2 15.2004 1.46486
2 15.2078 1.39997
2 15.2152 1.48328
2 15.2226 1.44717
2 15.2299 1.44546
2 15.2373 1.41782
2 15.2447 1.438
NaN NaN NaN
2 15.4366 1.55742
2 15.4425 1.47117
2 15.4543 1.49662
2 15.4602 1.51005
2 15.4779 1.51708
2 15.531 1.44376
2 15.5369 1.52297
2 15.5428 1.50303
2 15.5487 1.48617
2 15.5546 1.56282
2 15.5605 1.56944
2 15.5665 1.50128
2 15.5724 1.49953
2 15.5783 1.57366
2 15.5842 1.47751
2 15.5901 1.55622
2 15.596 1.54786
2 15.6019 1.52651
2 15.6078 1.61141
2 15.6137 1.58941
2 15.6196 1.59855
2 15.6255 1.52946
2 15.6314 1.59672
2 15.6373 1.54013
2 15.6432 1.54369
2 15.6491 1.56462
2 15.655 1.57486
2 15.6609 1.60528
2 15.6668 1.54488
2 15.6727 1.50888
2 15.6786 1.49895
2 15.6845 1.58394
2 15.6904 1.54191
2 15.6963 1.61387
2 15.7022 1.51356
2 15.7081 1.48965
2 15.714 1.46888
2 15.7199 1.5007
2 15.7258 1.4729
2 15.7317 1.4729
2 15.7376 1.44944
2 15.7435 1.46028
2 15.7494 1.44774
2 15.7553 1.34512
2 15.7612 1.3795
2 15.7671 1.38281
2 15.773 1.37291
2 15.7789 1.43357
2 15.7848 1.35325
2 15.7907 1.3462
2 15.7966 1.34674
2 15.8025 1.35
2 15.8084 1.37401
2 15.8143 1.38999
2 15.8202 1.31715
2 15.8261 1.44774
2 15.832 1.37566
2 15.8379 1.34728
2 15.8438 1.37785
2 15.8497 1.37236
2 15.8556 1.33486
2 15.8615 1.34891
2 15.8674 1.42175
2 15.8733 1.40442
2 15.8792 1.37511
2 15.8851 1.45172
2 15.891 1.47924
2 15.8969 1.41446
2 15.9028 1.40999
2 15.9087 1.42007
2 15.9146 1.40497
2 15.9205 1.4285
2 15.9264 1.43583
2 16.0327 1.44887
2 16.0386 1.45914
2 16.0504 1.4195
2 16.0622 1.44944
2 16.0681 1.45914
2 16.0799 1.42963
2 16.0916 1.43132
2 16.0975 1.35706
2 16.1034 1.36743
2 16.1152 1.39774
2 16.1211 1.44944
2 16.127 1.43979
2 16.1329 1.41782
2 16.1388 1.44319
2 16.1506 1.4347
2 16.1565 1.37127
2 16.1624 1.36088
2 16.1683 1.36306
2 16.1742 1.3049
2 16.1801 1.41838
2 16.186 1.42063
2 16.1919 1.40108
2 16.1978 1.36251
2 16.2037 1.36688
2 16.2096 1.38777
2 16.2155 1.3806
2 16.2214 1.38005
2 16.2273 1.3762
2 16.2332 1.35271
2 16.2391 1.39608
2 16.245 1.35162
2 16.2509 1.37511
2 16.2568 1.33539
2 16.2627 1.3922
2 16.2686 1.35706
2 16.2745 1.35543
2 16.2804 1.38226
2 16.2863 1.35815
2 16.2922 1.28482
2 16.2981 1.35434
2 16.304 1.37566
2 16.3099 1.3462
2 16.3158 1.36306
2 16.3217 1.3065
2 16.3276 1.33055
2 16.3335 1.30225
2 16.3394 1.36142
2 16.3453 1.3327
2 16.3512 1.36197
2 16.3571 1.3462
2 16.363 1.34079
2 16.3689 1.38777
2 16.3748 1.31769
2 16.3807 1.34025
2 16.3866 1.35271
2 16.3926 1.29378
2 16.3985 1.35271
2 16.4044 1.35054
2 16.4103 1.34837
2 16.4162 1.36962
2 16.4221 1.40943
2 16.428 1.32036
2 16.4339 1.36033
2 16.4398 1.39165
2 16.4457 1.4072
2 16.4516 1.38722
2 16.4575 1.37401
2 16.4634 1.36798
2 16.4693 1.35924
2 16.4752 1.40999
2 16.4811 1.45857
2 16.487 1.40999
2 16.4929 1.43188
2 16.4988 1.36415
2 16.5047 1.41894
2 16.5106 1.37675
2 16.5165 1.37895
2 16.5224 1.32465
2 16.5283 1.36251
2 16.5342 1.47693
2 16.5401 1.41279
2 16.546 1.44717
2 16.5519 1.37511
2 16.5578 1.47578
2 16.5637 1.44036
2 16.5696 1.45172
2 16.5755 1.45343
2 16.5814 1.4683
2 16.5873 1.50362
2 16.5932 1.37127
2 16.5991 1.53953
2 16.605 1.42007
2 16.6109 1.53005
2 16.6168 1.43019
2 16.6227 1.45058
2 16.6286 1.48097
2 16.6345 1.46142
2 16.6404 1.48617
2 16.6463 1.44944
2 16.6522 1.50478
2 16.6581 1.46658
2 16.664 1.52592
2 16.6699 1.4943
2 16.6758 1.51767
2 16.6817 1.50712
2 16.6876 1.56522
2 16.6935 1.424
2 16.6994 1.40163
2 16.7053 1.45857
2 16.7112 1.45571
2 16.7171 1.43188
2 16.723 1.41446
2 16.7289 1.46257
2 16.7348 1.5007
2 16.7407 1.45857
2 16.7466 1.454
2 16.7525 1.48155
2 16.7584 1.52297
2 16.7643 1.39386
2 16.7702 1.44036
2 16.7761 1.51005
2 16.782 1.47635
2 16.7879 1.39442
2 16.7938 1.43188
2 16.7997 1.39386
2 16.8057 1.46314
2 16.8116 1.44093
2 16.8175 1.45172
2 16.8234 1.48328
2 16.8293 1.49023
2 16.8352 1.42512
2 16.8411 1.45685
2 16.847 1.462
2 16.8766 1.45058
2 16.8825 1.48444
2 16.8884 1.43019
2 16.8943 1.36962
2 16.9002 1.41782
2 16.9061 1.45685
2 16.912 1.46028
2 16.9179 1.44944
2 16.9238 1.43075
2 16.9297 1.41167
2 16.9356 1.40108
2 16.9415 1.45571
2 16.9474 1.39497
2 16.9533 1.44831
2 16.9592 1.49313
2 16.9651 1.46429
2 16.971 1.3795
2 16.9769 1.43414
2 16.9828 1.36634
2 16.9887 1.39275
2 16.9946 1.42343
2 17.0005 1.3773
2 17.0064 1.35815
2 17.0123 1.35543
2 17.0182 1.36962
2 17.0241 1.39275
2 17.03 1.34025
2 17.0359 1.3647
2 17.0418 1.35325
2 17.0477 1.30225
2 17.0536 1.3225
2 17.0595 1.37017
2 17.0654 1.42119
2 17.0713 1.33917
2 17.0772 1.38888
2 17.0831 1.34945
2 17.089 1.31342
2 17.0949 1.37675
2 17.1008 1.32304
2 17.1067 1.35162
2 17.1126 1.39109
2 17.1185 1.41726
2 17.1244 1.3762
2 17.1303 1.36251
2 17.1362 1.38281
2 17.1421 1.43923
2 17.148 1.39941
2 17.1539 1.3587
2 17.1598 1.37785
2 17.1657 1.40219
2 17.1716 1.40609
2 17.1775 1.37895
2 17.1834 1.45742
2 17.1893 1.46257
2 17.1952 1.40943
2 17.2011 1.39719
2 17.207 1.37236
2 17.2129 1.37236
2 17.2188 1.37017
2 17.2247 1.47982
2 17.2307 1.37236
2 17.2366 1.37511
2 17.2425 1.3784
2 17.2484 1.40609
2 17.2543 1.38005
2 17.2602 1.45058
2 17.2661 1.39442
2 17.272 1.43019
2 17.2779 1.44433
2 17.2838 1.36579
2 17.2897 1.41726
2 17.2956 1.36579
2 17.3015 1.44433
2 17.3074 1.41894
2 17.3133 1.44263
2 17.3192 1.36251
2 17.3251 1.4139
2 17.331 1.39386
2 17.3369 1.39331
2 17.3428 1.37127
2 17.3487 1.34458
2 17.3546 1.35761
2 17.3605 1.36798
2 17.3664 1.41894
2 17.3723 1.32411
2 17.3782 1.41334
2 17.3841 1.41167
2 17.39 1.43414
2 17.3959 1.44831
2 17.4018 1.39386
2 17.4077 1.42568
2 17.4136 1.40108
2 17.4195 1.47232
2 17.4254 1.46314
2 17.4313 1.46945
2 17.4372 1.44376
2 17.4431 1.46314
2 17.449 1.46773
2 17.4549 1.44206
2 17.4608 1.45229
2 17.4667 1.46371
2 17.4726 1.43527
2 17.4785 1.50245
2 17.4844 1.49662
2 17.4903 1.48733
2 17.4962 1.47175
2 17.5021 1.47751
2 17.508 1.45571
2 17.5139 1.51122
2 17.5198 1.48675
2 17.5257 1.45742
2 17.5316 1.45457
2 17.5375 1.44263
2 17.5434 1.48213
2 17.5493 1.49255
2 17.5552 1.45514
2 17.5611 1.45514
2 17.567 1.4285
2 17.5729 1.47347
2 17.5788 1.49081
2 17.5847 1.52061
2 17.5906 1.47002
2 17.5965 1.42568
2 17.6024 1.45914
2 17.6083 1.46371
2 17.6142 1.4729
2 17.6201 1.46314
2 17.626 1.4706
2 17.6319 1.5077
2 17.6378 1.47635
2 17.6438 1.37401
2 17.6497 1.49255
2 17.6556 1.47808
2 17.6615 1.41726
2 17.6674 1.42287
2 17.6733 1.43414
2 17.6792 1.4943
2 17.6851 1.44319
2 17.691 1.48039
2 17.6969 1.43414
2 17.7028 1.4449
2 17.7087 1.43923
2 17.7146 1.44887
2 17.7205 1.43583
2 17.7264 1.36853
2 17.7323 1.30543
2 17.7382 1.424
2 17.7441 1.4752
2 17.75 1.3538
2 17.7559 1.35815
2 17.7618 1.42343
2 17.7677 1.36306
2 17.7736 1.38116
2 17.7795 1.42625
2 17.7854 1.34837
2 17.7913 1.41614
2 17.7972 1.4195
2 17.8031 1.38005
2 17.809 1.34945
2 17.8149 1.42625
2 17.8208 1.4072
2 17.8267 1.43019
2 17.8326 1.41334
2 17.8385 1.44263
2 17.8444 1.40553
2 17.8503 1.49255
2 17.8562 1.40553
2 17.8621 1.39497
2 17.868 1.47693
2 17.8739 1.46601
2 17.8798 1.43979
2 17.8857 1.41167
2 17.8916 1.42906
2 17.8975 1.38336
2 17.9034 1.42793
2 17.9093 1.38888
2 17.9152 1.42456
2 17.9211 1.40832
2 17.927 1.38833
2 17.9329 1.34349
2 17.9388 1.424
2 17.9447 1.40609
2 17.9506 1.37675
2 17.9565 1.31395
2 17.9624 1.33917
2 17.9683 1.34512
2 17.9742 1.34187
2 17.9802 1.30915
2 17.9861 1.36033
2 17.992 1.37072
2 17.9979 1.3049
2 18.0038 1.35271
2 18.0097 1.37456
2 18.0215 1.32894
2 18.0274 1.32679
2 18.0333 1.34025
2 18.0392 1.32143
2 18.0451 1.3773
2 18.051 1.39054
2 18.0569 1.32518
2 18.0628 1.41782
2 18.0688 1.47463
2 18.0747 1.5042
2 18.0806 1.46257
2 18.0865 1.5077
2 18.0924 1.51122
2 18.0983 1.46371
2 18.1042 1.48097
2 18.1101 1.454
2 18.116 1.49313
2 18.1219 1.4466
2 18.1278 1.48386
2 18.1337 1.50303
2 18.1396 1.53419
2 18.1455 1.41055
2 18.1514 1.48386
2 18.1573 1.52356
2 18.1632 1.55503
2 18.1691 1.45628
2 18.175 1.48791
2 18.1809 1.45571
2 18.1868 1.42625
2 18.1927 1.43923
2 18.1986 1.48675
2 18.2045 1.41614
2 18.2104 1.52533
2 18.2163 1.52592
2 18.2222 1.44546
2 18.2281 1.43075
2 18.234 1.48907
2 18.2399 1.49895
2 18.2458 1.50654
2 18.2517 1.46429
2 18.2576 1.45343
2 18.2635 1.49139
2 18.2694 1.49488
2 18.2753 1.46601
2 18.2812 1.42175
2 18.293 1.4449
2 18.2989 1.54488
2 18.3048 1.59245
2 18.3107 1.60773
2 18.3166 1.54607
2 18.3519 1.54548
2 18.3578 1.58152
2 18.3637 1.58152
2 18.3696 1.56703
2 18.3755 1.55204
2 18.3814 1.47635
2 18.3874 1.5007
2 18.3933 1.57607
2 18.3992 1.65237
2 18.4051 1.59489
2 18.411 1.56883
2 18.4169 1.56222
2 18.4228 1.5336
2 18.4287 1.56222
2 18.4346 1.51532
2 18.4405 1.55682
2 18.4465 1.61818
2 18.4524 1.57366
2 18.4583 1.61634
2 18.4642 1.51005
2 18.4701 1.56522
2 18.476 1.56823
2 18.4819 1.57607
2 18.4878 1.54607
2 18.4938 1.57849
2 18.4998 1.57849
2 18.5057 1.5077
2 18.5116 1.51708
2 18.5175 1.54429
2 18.5234 1.52179
2 18.5293 1.48502
2 18.5352 1.50888
2 18.5411 1.55503
2 18.547 1.54131
2 18.5529 1.5791
2 18.5589 1.59306
2 18.5648 1.56823
2 18.5707 1.56462
2 18.5766 1.55264
2 18.5825 1.59428
2 18.5884 1.55802
2 18.5943 1.61264
NaN 18.6 1.5888
NaN 18.6042 1.54846
NaN 18.6084 1.54131
NaN 18.6127 1.55862
NaN 18.6212 1.55025
NaN 18.6254 1.55682
NaN 18.6296 1.58152
NaN 18.6338 1.57124
NaN 18.638 1.56282
NaN 18.6423 1.56102
NaN 18.6465 1.58394
NaN 18.6507 1.48444
NaN 18.655 1.5791
NaN 18.6592 1.53419
NaN 18.6634 1.53775
NaN 18.6677 1.54429
NaN 18.6761 1.47635
NaN 18.6803 1.55383
NaN 18.6845 1.50245
NaN 18.6888 1.50012
NaN 18.693 1.49895
NaN 18.6973 1.52238
NaN 18.7099 1.52297
NaN 18.7142 1.45172
NaN 18.7184 1.56582
NaN 18.7226 1.52592
NaN 18.7268 1.55084
NaN 18.731 1.53242
NaN 18.7353 1.61634
NaN 18.7396 1.53656
NaN 18.7438 1.53182
NaN 18.748 1.52533
NaN 18.7522 1.54846
NaN 18.7564 1.51005
NaN 18.7607 1.50245
NaN 18.7649 1.57366
NaN 18.7691 1.54131
NaN 18.7733 1.53538
NaN 18.7775 1.51885
NaN 18.7818 1.58516
NaN 18.786 1.60834
NaN 18.7945 1.57547
NaN 18.7987 1.53656
NaN 18.8029 1.59489
NaN 18.8072 1.57245
NaN 18.8114 1.60896
NaN 18.8156 1.57607
NaN 18.8198 1.53597
NaN 18.8283 1.57305
NaN 18.8325 1.55144
NaN 18.8368 1.50245
NaN 18.841 1.50888
NaN 18.8452 1.49488
NaN 18.8494 1.50128
NaN 18.8536 1.54131
NaN 18.8579 1.57124
NaN 18.8621 1.54786
NaN 18.8664 1.55383
NaN 18.8706 1.53775
NaN 18.8748 1.53716
NaN 18.879 1.56883
NaN 18.8833 1.55383
NaN 18.8875 1.56582
NaN 18.8917 1.57366
NaN 18.9001 1.54905
NaN 18.9044 1.57547
NaN 18.9087 1.58091
NaN 18.9129 1.51239
NaN 18.9171 1.55084
NaN 18.9213 1.55802
NaN 18.9255 1.54191
NaN 18.9298 1.52769
NaN 18.934 1.51767
NaN 18.9382 1.49488
NaN 18.9424 1.58941
NaN 18.9466 1.55682
NaN 18.9509 1.54131
NaN 18.9552 1.50245
NaN 18.9594 1.50654
NaN 18.9636 1.5791
NaN 18.9678 1.55742
NaN 18.972 1.51826
NaN 18.9763 1.58758
NaN 18.9847 1.60405
NaN 18.9889 1.54905
NaN 18.9932 1.56522
NaN 18.9974 1.57426
NaN 19.0016 1.59245
NaN 19.0059 1.58941
NaN 19.0101 1.55682
NaN 19.0143 1.56642
NaN 19.0185 1.56642
3 19.0235 1.52474
3 19.0294 1.54191
3 19.0353 1.51005
3 19.0413 1.57547
3 19.0472 1.58091
3 19.0531 1.54667
3 19.059 1.5165
3 19.0649 1.47751
3 19.0708 1.51122
3 19.0767 1.55802
3 19.0826 1.43583
3 19.0885 1.50362
3 19.0944 1.60896
3 19.1004 1.56823
3 19.1063 1.60038
3 19.1122 1.54191
3 19.1181 1.57547
3 19.124 1.56944
3 19.1299 1.53301
3 19.1358 1.47808
3 19.1417 1.57426
3 19.1476 1.49546
3 19.1535 1.4729
3 19.1595 1.56462
3 19.1654 1.53301
3 19.1713 1.52238
3 19.1772 1.55383
3 19.1831 1.54846
3 19.189 1.57366
3 19.1949 1.53479
3 19.2008 1.51063
3 19.2067 1.50712
3 19.2126 1.5007
3 19.2186 1.53182
3 19.2245 1.50303
3 19.2304 1.55802
3 19.2363 1.52946
3 19.2481 1.54131
3 19.254 1.46085
3 19.2599 1.49313
3 19.2658 1.52769
3 19.2777 1.45857
3 19.2836 1.46601
3 19.2895 1.46257
3 19.2954 1.45857
3 19.3013 1.52179
3 19.3072 1.56522
3 19.3132 1.46773
3 19.3191 1.46085
3 19.325 1.4706
3 19.3309 1.51298
3 19.3369 1.52592
3 19.3428 1.56944
3 19.3487 1.53005
3 19.3546 1.51532
3 19.3605 1.46142
3 19.3664 1.50595
3 19.3723 1.52003
3 19.3782 1.4972
3 19.3841 1.51415
3 19.3901 1.4729
3 19.396 1.55264
3 19.4019 1.43923
3 19.4078 1.47982
3 19.4137 1.46429
3 19.4196 1.55383
3 19.4255 1.56222
3 19.4314 1.51532
3 19.4373 1.5007
3 19.4432 1.55982
3 19.4492 1.54786
3 19.4551 1.52533
3 19.461 1.55802
3 19.4669 1.56222
3 19.4728 1.55862
3 19.4787 1.50946
3 19.4846 1.44546
3 19.4905 1.47578
3 19.4964 1.52297
3 19.5023 1.54607
3 19.5083 1.50245
3 19.5142 1.45685
3 19.5201 1.48733
3 19.526 1.51885
3 19.5319 1.52415
3 19.5378 1.57486
3 19.5437 1.55682
3 19.5496 1.4729
3 19.5555 1.57124
3 19.5614 1.47463
3 19.5674 1.51474
3 19.5733 1.56462
3 19.5792 1.60712
3 19.5851 1.5007
3 19.591 1.56042
3 19.5969 1.57607
3 19.6087 1.5212
3 19.6146 1.50245
3 19.6205 1.52179
3 19.6265 1.55025
3 19.6324 1.60467
3 19.6654 1.50128
3 19.6713 1.51356
3 19.6772 1.55025
3 19.6831 1.53301
3 19.689 1.54429
3 19.695 1.49778
3 19.7009 1.54013
3 19.7068 1.51767
3 19.7127 1.54131
3 19.7186 1.54429
3 19.7245 1.56222
3 19.7304 1.58637
3 19.7363 1.57305
3 19.7422 1.58334
3 19.7481 1.54667
3 19.7541 1.49837
3 19.76 1.44887
3 19.7659 1.53064
3 19.7718 1.5431
3 19.7777 1.5077
3 19.7836 1.56823
3 19.7895 1.54072
3 19.8013 1.47175
3 19.8073 1.46888
3 19.8132 1.53005
3 19.8191 1.48965
3 19.825 1.53005
3 19.8309 1.52238
3 19.8368 1.54607
3 19.8427 1.46371
3 19.8486 1.48155
3 19.8545 1.53123
3 19.8604 1.53182
3 19.8664 1.50012
3 19.8723 1.43527
3 19.8782 1.48386
3 19.8841 1.4683
3 19.89 1.51122
3 19.8959 1.5212
3 19.9018 1.54905
3 19.9077 1.52474
3 19.9136 1.47982
3 19.9195 1.49895
3 19.9255 1.53064
3 19.9314 1.49604
3 19.9373 1.4752
3 19.9432 1.52003
3 19.9491 1.56102
3 19.955 1.54131
3 19.9609 1.50829
3 19.9668 1.57305
3 19.9727 1.53597
3 19.9786 1.47866
3 19.9846 1.54548
3 19.9905 1.48502
3 19.9964 1.5118
3 20.0023 1.5425
3 20.0082 1.45742
3 20.0141 1.53834
3 20.02 1.52828
3 20.0259 1.55742
3 20.0318 1.54488
3 20.0377 1.47866
3 20.0437 1.46601
3 20.0496 1.45971
3 20.0555 1.46601
3 20.0615 1.53834
3 20.0674 1.47924
3 20.0733 1.41726
3 20.0792 1.47175
3 20.0851 1.43583
3 20.091 1.47117
3 20.0969 1.44944
3 20.1029 1.48502
3 20.1088 1.44263
3 20.1147 1.53894
3 20.1206 1.45742
3 20.1265 1.49488
3 20.1324 1.48097
3 20.1383 1.47117
3 20.1442 1.50595
3 20.1501 1.43244
3 20.156 1.52003
3 20.162 1.48617
3 20.1679 1.44433
3 20.1738 1.43866
3 20.1797 1.43301
3 20.1856 1.46085
3 20.1915 1.45971
3 20.1974 1.47002
3 20.2033 1.44717
3 20.2092 1.5007
3 20.2151 1.41782
3 20.2211 1.40275
3 20.227 1.44149
3 20.2329 1.43188
3 20.2388 1.47347
3 20.2447 1.49837
3 20.2506 1.4449
3 20.2565 1.49023
3 20.2624 1.44717
3 20.2683 1.44944
3 20.2742 1.4943
3 20.2802 1.47808
3 20.2861 1.43923
3 20.292 1.45343
3 20.2979 1.5077
3 20.3038 1.48502
3 20.3097 1.5077
3 20.3156 1.46314
3 20.3215 1.45229
3 20.3274 1.49255
3 20.3333 1.45971
3 20.3393 1.51708
3 20.3452 1.462
3 20.3511 1.5271
3 20.357 1.44376
3 20.3629 1.51944
3 20.3688 1.53419
3 20.3747 1.45343
3 20.3806 1.52533
3 20.3865 1.50478
3 20.3924 1.58091
3 20.3984 1.46658
3 20.4043 1.53182
3 20.4102 1.51005
3 20.4161 1.58576
3 20.422 1.52238
3 20.4279 1.49255
3 20.4338 1.51826
3 20.4397 1.53894
3 20.4456 1.49197
3 20.4515 1.54607
3 20.4575 1.55982
3 20.4634 1.48965
3 20.4693 1.4364
3 20.4752 1.45172
3 20.4811 1.47002
3 20.487 1.4033
3 20.4929 1.47982
3 20.4988 1.454
3 20.5047 1.44887
3 20.5106 1.40052
3 20.5166 1.43244
3 20.5225 1.47175
3 20.5285 1.40108
3 20.5344 1.40497
3 20.5403 1.40776
3 20.5462 1.44093
3 20.5521 1.38557
3 20.558 1.52356
3 20.5639 1.38612
3 20.5698 1.4943
3 20.5758 1.5118
3 20.5817 1.48444
3 20.5876 1.454
3 20.5935 1.49313
3 20.5994 1.4729
3 20.6053 1.5336
3 20.6112 1.49371
3 20.6171 1.48907
3 20.623 1.52003
3 20.6289 1.44319
3 20.6349 1.43583
3 20.6408 1.46658
3 20.6467 1.50537
3 20.6526 1.50829
3 20.6585 1.44944
3 20.6644 1.44831
3 20.6703 1.46658
3 20.6762 1.49895
3 20.6821 1.4706
3 20.688 1.46773
3 20.694 1.52003
3 20.6999 1.56102
3 20.7058 1.48733
3 20.7117 1.5118
3 20.7176 1.48965
3 20.7235 1.51944
3 20.7294 1.54072
3 20.7471 1.49081
3 20.7531 1.50012
3 20.759 1.47463
3 20.7649 1.45229
3 20.7708 1.50362
3 20.7767 1.42456
3 20.7826 1.48965
3 20.7885 1.5007
3 20.7944 1.45571
3 20.8003 1.4706
3 20.8062 1.47693
3 20.8122 1.4706
3 20.8181 1.47347
3 20.8358 1.55323
3 20.8417 1.49313
3 20.8476 1.47808
3 20.8535 1.45571
3 20.8594 1.4972
3 20.8654 1.50829
3 20.8713 1.51767
3 20.8772 1.50303
3 20.8831 1.45857
3 20.889 1.46486
3 20.8949 1.454
3 20.9008 1.45172
3 20.9067 1.51767
3 20.9126 1.43696
3 20.9185 1.424
3 20.9245 1.41558
3 20.9304 1.43753
3 20.9363 1.41838
3 20.9422 1.39386
3 20.9481 1.37346
3 20.954 1.49837
3 20.9599 1.4683
3 20.9658 1.4706
3 20.9717 1.46028
3 20.9776 1.42175
3 20.9836 1.49488
3 20.9895 1.53834
3 20.9954 1.43244
3 21.0014 1.45343
3 21.0073 1.48733
3 21.0132 1.42119
3 21.0191 1.43019
3 21.025 1.42175
3 21.0309 1.49313
3 21.0368 1.43188
3 21.0428 1.39719
3 21.0487 1.47693
3 21.0546 1.44546
3 21.0605 1.50712
3 21.0664 1.41614
3 21.0723 1.44717
3 21.0782 1.50478
3 21.0841 1.50303
3 21.09 1.47347
3 21.0959 1.49895
3 21.1019 1.49139
3 21.1078 1.47982
3 21.1348 1.45115
3 21.1407 1.52238
3 21.1466 1.52887
3 21.1526 1.51356
3 21.1585 1.51063
3 21.1644 1.52651
3 21.1703 1.45914
3 21.1762 1.43019
3 21.1822 1.38612
3 21.1881 1.42793
3 21.194 1.40832
3 21.1999 1.458
3 21.2058 1.3538
3 21.2118 1.3647
3 21.2177 1.40776
3 21.2236 1.37017
3 21.2295 1.40497
3 21.2354 1.36907
3 21.2414 1.40275
3 21.2473 1.38116
3 21.2532 1.48386
3 21.2591 1.44887
3 21.265 1.40275
3 21.2709 1.5007
3 21.2769 1.42681
3 21.2828 1.52061
3 21.2888 1.51005
3 21.2947 1.4683
3 21.3006 1.49604
3 21.3066 1.49604
3 21.3125 1.47578
3 21.3184 1.49197
3 21.3243 1.47578
3 21.3302 1.49313
3 21.3362 1.53656
3 21.3421 1.52297
3 21.348 1.51063
3 21.3539 1.4972
3 21.3598 1.51298
3 21.3658 1.49953
3 21.3717 1.48386
3 21.3776 1.5336
3 21.3835 1.48155
3 21.3894 1.4683
3 21.3954 1.49953
3 21.4013 1.47693
3 21.4072 1.47463
3 21.4131 1.52415
3 21.419 1.47232
3 21.425 1.49895
3 21.4309 1.46142
3 21.4368 1.48965
3 21.4427 1.4943
3 21.4486 1.45172
3 21.4546 1.50654
3 21.4664 1.48213
3 21.4723 1.52061
3 21.4782 1.44036
3 21.4842 1.43075
3 21.4901 1.5797
3 21.496 1.48155
3 21.5019 1.54965
3 21.5078 1.52061
3 21.5138 1.47117
3 21.5197 1.4752
3 21.5256 1.47982
3 21.5315 1.52946
3 21.5374 1.55025
3 21.5434 1.52769
3 21.5493 1.48617
3 21.5552 1.55084
3 21.5611 1.46543
3 21.567 1.50245
3 21.5729 1.454
3 21.5789 1.56462
3 21.5848 1.5077
3 21.5907 1.50654
3 21.5966 1.47175
3 21.6025 1.46888
3 21.6085 1.58516
3 21.6144 1.4943
3 21.6203 1.51591
3 21.6262 1.49023
3 21.6321 1.55264
3 21.6381 1.49313
3 21.644 1.51005
3 21.6499 1.51239
3 21.6558 1.55563
3 21.6617 1.50595
3 21.6677 1.58516
3 21.6736 1.57426
3 21.6795 1.55383
3 21.6854 1.44717
3 21.6913 1.48328
3 21.6973 1.47347
3 21.7032 1.44944
3 21.7091 1.40832
3 21.715 1.44093
3 21.7209 1.46945
3 21.7269 1.47808
3 21.7328 1.50303
3 21.7387 1.46486
3 21.7446 1.46888
3 21.7505 1.49081
3 21.7565 1.50888
3 21.7624 1.49604
3 21.7683 1.4943
3 21.7742 1.50303
3 21.7801 1.454
3 21.7861 1.52887
3 21.792 1.49604
3 21.7979 1.52415
3 21.8038 1.50595
3 21.8097 1.55622
3 21.8157 1.49546
3 21.8216 1.4706
3 21.8276 1.50186
3 21.8335 1.5042
3 21.8394 1.5077
3 21.8454 1.48213
3 21.8513 1.49081
3 21.8572 1.42456
3 21.8631 1.53123
3 21.869 1.49953
3 21.8749 1.51885
3 21.8809 1.44887
3 21.8868 1.50245
3 21.8927 1.49953
3 21.8986 1.44319
3 21.9045 1.46314
3 21.9105 1.48675
3 21.9164 1.47866
3 21.9223 1.45286
3 21.9282 1.5042
3 21.9341 1.48502
3 21.9401 1.458
3 21.946 1.52415
3 21.9519 1.54905
3 21.9578 1.47578
3 21.9637 1.53301
3 21.9697 1.50712
3 21.9756 1.48733
3 21.9815 1.45343
3 21.9874 1.49953
3 21.9933 1.46658
3 21.9993 1.48155
3 22.0052 1.47808
3 22.0111 1.42175
3 22.017 1.53301
3 22.0229 1.44887
3 22.0289 1.55264
3 22.0348 1.44433
3 22.0407 1.4706
3 22.0466 1.43019
3 22.0525 1.47635
3 22.0585 1.49953
3 22.0644 1.45914
3 22.0703 1.41894
3 22.0762 1.42737
3 22.0821 1.48097
3 22.0881 1.44831
3 22.094 1.47751
3 22.0999 1.5007
3 22.1058 1.40832
3 22.1117 1.42231
3 22.1177 1.40999
3 22.1236 1.41782
3 22.1295 1.38943
3 22.1354 1.37785
3 22.1413 1.37895
3 22.1472 1.37895
3 22.1532 1.35
3 22.1591 1.43132
3 22.165 1.49604
3 22.1709 1.42119
3 22.1768 1.40943
3 22.1828 1.44603
3 22.1887 1.38391
3 22.1946 1.48444
3 22.2005 1.46543
3 22.2064 1.47578
3 22.2124 1.46773
3 22.2183 1.47463
3 22.2242 1.48039
3 22.2301 1.42343
3 22.236 1.47635
3 22.242 1.45857
3 22.2479 1.48675
3 22.2538 1.52238
3 22.2597 1.47175
3 22.2656 1.40943
3 22.2716 1.46257
3 22.2775 1.45628
3 22.2834 1.54429
3 22.2893 1.59123
3 22.2952 1.46142
3 22.3012 1.4943
3 22.3071 1.54548
3 22.313 1.49778
3 22.3189 1.49023
3 22.3248 1.5212
3 22.3308 1.45628
3 22.3367 1.55383
3 22.3426 1.4827
3 22.3485 1.51532
3 22.3544 1.49197
3 22.3604 1.51591
3 22.3663 1.51239
3 22.3722 1.5118
3 22.3782 1.41502
3 22.3841 1.49895
3 22.396 1.47232
3 22.4019 1.5888
3 22.4078 1.47866
3 22.4137 1.52651
3 22.4197 1.45058
3 22.4315 1.47405
3 22.4374 1.44263
3 22.4433 1.55323
3 22.4492 1.55862
3 22.4552 1.5007
3 22.4611 1.42963
3 22.467 1.44546
3 22.4729 1.46314
3 22.4788 1.45857
3 22.4848 1.44944
3 22.4907 1.47463
3 22.4966 1.46945
3 22.5025 1.48965
3 22.5084 1.51474
3 22.5144 1.37566
3 22.5203 1.39941
3 22.5262 1.5007
3 22.5321 1.39719
3 22.538 1.44263
3 22.544 1.48386
3 22.5499 1.54488
3 22.5558 1.53716
3 22.5617 1.51826
3 22.5676 1.4683
3 22.5736 1.49488
3 22.5795 1.50362
3 22.5854 1.49837
3 22.6161 1.50186
3 22.622 1.55084
3 22.6279 1.50128
3 22.6338 1.47751
3 22.6397 1.48328
3 22.6457 1.49953
3 22.6516 1.55563
3 22.6575 1.52887
3 22.6634 1.48328
3 22.6693 1.48617
3 22.6752 1.49662
3 22.6811 1.6151
3 22.687 1.54131
3 22.6929 1.49837
3 22.6988 1.50303
3 22.7048 1.52828
3 22.7107 1.57668
3 22.7166 1.48155
3 22.7225 1.48733
3 22.7284 1.48849
3 22.7343 1.48386
3 22.7402 1.50478
3 22.7461 1.48849
3 22.752 1.47866
3 22.758 1.46314
3 22.7639 1.45571
3 22.7698 1.50595
3 22.7757 1.49255
3 22.7816 1.47866
3 22.7875 1.47117
3 22.7934 1.50128
3 22.7993 1.44717
3 22.8052 1.41167
3 22.8111 1.39442
3 22.8171 1.43696
3 22.823 1.46486
3 22.8289 1.45115
3 22.8348 1.50362
3 22.8407 1.40497
3 22.8466 1.38777
3 22.8525 1.38281
3 22.8584 1.4139
3 22.8643 1.41838
3 22.8702 1.4139
3 22.8762 1.3538
3 22.8821 1.42175
3 22.888 1.36361
3 22.8939 1.34945
3 22.8998 1.36798
3 22.9057 1.40887
3 22.9116 1.43188
3 22.9175 1.36033
3 22.9234 1.3647
3 22.9293 1.37456
3 22.9353 1.42343
3 22.9412 1.38005
3 22.9471 1.38446
3 22.953 1.40609
3 22.9589 1.39719
3 22.9648 1.35815
3 22.9708 1.3922
3 22.9767 1.43132
3 22.9826 1.47117
3 22.9885 1.42568
3 22.9945 1.424
3 23.0004 1.35217
3 23.0063 1.31235
3 23.0122 1.41502
3 23.0181 1.40442
3 23.024 1.37511
3 23.0299 1.44206
3 23.0358 1.38171
3 23.0417 1.39663
3 23.0476 1.42007
3 23.0536 1.42063
3 23.0595 1.40052
3 23.0654 1.42512
3 23.0713 1.37346
3 23.0772 1.45229
3 23.0831 1.35488
3 23.089 1.3983
3 23.0949 1.34512
3 23.1008 1.44433
3 23.1067 1.40108
3 23.1127 1.43132
3 23.1186 1.41614
3 23.1245 1.49837
3 23.1304 1.36524
3 23.1363 1.3762
3 23.1422 1.47866
3 23.1481 1.4195
3 23.154 1.44717
3 23.1599 1.42793
3 23.1658 1.44774
3 23.1718 1.39165
3 23.1777 1.43809
3 23.1836 1.45514
3 23.1895 1.41502
3 23.1954 1.41838
3 23.2013 1.50537
3 23.2072 1.49197
3 23.2131 1.46314
3 23.219 1.41111
3 23.2249 1.42625
3 23.2309 1.49139
3 23.2368 1.44433
3 23.2427 1.43301
3 23.2486 1.37895
3 23.2545 1.40497
3 23.2604 1.42793
3 23.2663 1.39054
3 23.2722 1.45571
3 23.2781 1.43188
3 23.284 1.41334
3 23.29 1.41279
3 23.2959 1.40999
3 23.3018 1.46601
3 23.3077 1.40664
3 23.3136 1.43244
3 23.3195 1.42063
3 23.3254 1.42343
3 23.3313 1.46601
3 23.3372 1.4033
3 23.3431 1.35979
3 23.3491 1.39386
3 23.355 1.41055
3 23.3609 1.45685
3 23.3668 1.43809
3 23.3727 1.43979
3 23.3786 1.4347
3 23.3845 1.42119
3 23.3904 1.42906
3 23.3963 1.4072
3 23.4022 1.47578
3 23.4082 1.34891
3 23.4141 1.43301
3 23.42 1.4285
3 23.4259 1.454
3 23.4319 1.40163
3 23.4378 1.40219
3 23.4437 1.47002
3 23.4496 1.4195
3 23.4555 1.41838
3 23.4614 1.50595
3 23.4674 1.45286
3 23.4733 1.45514
3 23.4792 1.48907
3 23.4851 1.49023
3 23.491 1.454
3 23.4969 1.40052
3 23.5028 1.39552
3 23.5087 1.48444
3 23.5146 1.49023
3 23.5205 1.50245
3 23.5265 1.42343
3 23.5324 1.44546
3 23.5383 1.47982
3 23.5442 1.44263
3 23.5501 1.40497
3 23.556 1.46028
3 23.5619 1.50946
3 23.5678 1.51532
3 23.5737 1.45914
3 23.5796 1.4364
3 23.5856 1.44433
3 23.5915 1.45115
3 23.5974 1.4466
3 23.6033 1.46429
3 23.6092 1.50303
3 23.6151 1.52474
3 23.621 1.45058
3 23.6269 1.44887
3 23.6328 1.4466
3 23.6387 1.42456
3 23.6447 1.41279
3 23.6506 1.46142
3 23.6565 1.47117
3 23.6624 1.41055
3 23.6683 1.4683
3 23.6742 1.52415
3 23.6801 1.49662
3 23.686 1.48675
3 23.6919 1.38501
3 23.6978 1.43583
3 23.7038 1.50128
3 23.7097 1.49488
3 23.7156 1.51239
3 23.7215 1.48328
3 23.7274 1.47002
3 23.7333 1.52061
3 23.7392 1.45001
3 23.7451 1.54191
3 23.751 1.46945
3 23.7569 1.5118
3 23.7629 1.45971
3 23.7688 1.47002
3 23.7747 1.51415
3 23.7806 1.5077
3 23.7865 1.56402
3 23.7924 1.47117
3 23.7983 1.53301
3 23.8042 1.4827
3 23.8101 1.4449
3 23.8161 1.47635
3 23.822 1.40832
3 23.8279 1.52179
3 23.8338 1.46658
3 23.8397 1.48097
3 23.8456 1.51239
3 23.8515 1.458
3 23.8574 1.53123
3 23.8633 1.45172
3 23.8692 1.50362
3 23.8752 1.42512
3 23.8811 1.50362
3 23.887 1.46888
3 23.8929 1.50712
3 23.8988 1.49546
3 23.9047 1.42737
3 23.9107 1.52769
3 23.9166 1.45914
3 23.9225 1.45172
3 23.9284 1.43075
3 23.9344 1.4729
3 23.9403 1.45457
3 23.9462 1.41111
3 23.9521 1.44887
3 23.958 1.36962
3 23.9639 1.36743
3 23.9698 1.4706
3 23.9757 1.44433
3 23.9816 1.45914
3 23.9875 1.36688
3 23.9935 1.39275
3 23.9994 1.41223
3 24.0053 1.454
3 24.0112 1.44319
3 24.0171 1.46085
3 24.023 1.47924
3 24.0289 1.48907
3 24.0348 1.48039
3 24.0407 1.48907
3 24.0466 1.51356
3 24.0526 1.50595
3 24.0585 1.55982
3 24.0644 1.49023
3 24.0855 1.49778
3 24.0914 1.46773
3 24.0973 1.52592
3 24.1032 1.45514
3 24.1091 1.415
NaN NaN NaN
3 24.5095 1.40163
3 24.5154 1.38888
3 24.5214 1.39774
3 24.5273 1.41614
3 24.5332 1.42963
3 24.5391 1.38005
3 24.545 1.42287
3 24.551 1.36962
3 24.5569 1.37675
3 24.5628 1.44376
3 24.5687 1.36306
3 24.5746 1.37346
3 24.5806 1.38226
3 24.5865 1.37401
3 24.5924 1.37895
3 24.5983 1.42287
3 24.6042 1.45115
3 24.6102 1.41279
3 24.6161 1.43357
3 24.622 1.3762
3 24.6279 1.45457
3 24.6338 1.35
3 24.6516 1.35
3 24.6575 1.4285
3 24.6634 1.40553
3 24.6693 1.37181
3 24.6753 1.4195
3 24.6812 1.42063
3 24.6871 1.45229
3 24.693 1.46371
3 24.6989 1.50362
3 24.7049 1.43188
3 24.7108 1.46601
3 24.7167 1.41558
3 24.7226 1.48502
3 24.7285 1.43753
3 24.7345 1.54429
3 24.7404 1.46601
3 24.7463 1.41446
3 24.7522 1.44603
3 24.7581 1.40609
3 24.7641 1.36688
3 24.77 1.39608
3 24.7759 1.52061
3 24.7818 1.46314
3 24.7877 1.42737
3 24.7937 1.46429
3 24.7996 1.44774
3 24.8055 1.40442
3 24.8115 1.45742
3 24.8174 1.45172
3 24.8234 1.49778
3 24.8293 1.47693
3 24.8352 1.40776
3 24.8411 1.48039
3 24.847 1.44831
3 24.853 1.40887
3 24.8589 1.40386
3 24.8648 1.41614
3 24.8707 1.45914
3 24.8766 1.4139
3 24.8826 1.48965
3 24.8885 1.44149
3 24.8944 1.43188
3 24.9003 1.45172
3 24.9062 1.46658
3 24.9122 1.40219
3 24.9181 1.49895
3 24.924 1.44263
3 24.9299 1.45115
3 24.9358 1.4466
3 24.9417 1.49488
3 24.9477 1.44093
3 24.9536 1.47347
3 24.9595 1.458
3 24.9654 1.43075
3 24.9713 1.49081
3 24.9773 1.44263
3 24.9832 1.44036
3 24.9891 1.41894
3 24.995 1.47982
3 25.0009 1.45058
3 25.0069 1.44093
3 25.0128 1.42681
3 25.0187 1.39165
3 25.0246 1.49371
3 25.0305 1.45343
3 25.0365 1.45457
3 25.0424 1.51356
3 25.0483 1.4449
3 25.0542 1.47463
3 25.0601 1.46028
3 25.0661 1.5007
3 25.072 1.4449
3 25.0779 1.43188
3 25.0838 1.462
3 25.0897 1.4752
3 25.0957 1.51591
3 25.1016 1.4466
3 25.1075 1.48907
3 25.1134 1.41279
3 25.1193 1.42906
3 25.1253 1.48386
3 25.1312 1.44603
3 25.1371 1.4683
3 25.143 1.39386
3 25.1489 1.42793
3 25.1549 1.40776
3 25.1608 1.38336
3 25.1667 1.44831
3 25.1726 1.4364
3 25.1785 1.47808
3 25.1845 1.39109
3 25.1904 1.37017
3 25.1963 1.44376
3 25.2022 1.47347
3 25.2081 1.3773
3 25.2141 1.41782
3 25.22 1.30703
3 25.2259 1.3983
3 25.2318 1.36033
3 25.2377 1.32733
3 25.2436 1.34674
3 25.2496 1.35325
3 25.2555 1.30969
3 25.2614 1.27851
3 25.2673 1.34945
3 25.2732 1.34891
3 25.2792 1.29907
3 25.2851 1.28955
3 25.291 1.28955
3 25.2969 1.30862
3 25.3028 1.26232
3 25.3088 1.30809
3 25.3147 1.26753
3 25.3206 1.29114
3 25.3265 1.23029
3 25.3324 1.31022
3 25.3384 1.33755
3 25.3443 1.34404
3 25.3503 1.34512
3 25.3562 1.33217
3 25.3621 1.31075
3 25.3681 1.33863
3 25.374 1.34891
3 25.3799 1.43866
3 25.3858 1.37566
3 25.3917 1.30915
3 25.3977 1.36306
3 25.4036 1.27275
3 25.4095 1.38722
3 25.4154 1.37566
3 25.4213 1.4364
3 25.4273 1.40386
3 25.4332 1.39774
3 25.4391 1.39774
3 25.445 1.35706
3 25.4509 1.4752
3 25.4569 1.39054
3 25.4628 1.38116
3 25.4687 1.44149
3 25.4746 1.38171
3 25.4805 1.39941
3 25.4865 1.39941
3 25.4924 1.46888
3 25.4983 1.33809
3 25.5042 1.38612
3 25.5101 1.42063
3 25.516 1.43301
3 25.522 1.40052
3 25.5279 1.424
3 25.5338 1.41279
3 25.5397 1.40163
3 25.5456 1.43357
3 25.5516 1.45514
3 25.5575 1.4285
3 25.5634 1.43244
3 25.5693 1.43357
3 25.5752 1.43301
3 25.5812 1.37401
3 25.5871 1.44319
3 25.593 1.47347
3 25.5989 1.45571
3 25.6048 1.39497
3 25.6108 1.46314
3 25.6167 1.45685
3 25.6226 1.35761
3 25.6285 1.44149
3 25.6344 1.43696
3 25.6404 1.42681
3 25.6463 1.41726
3 25.6522 1.4167
3 25.6581 1.454
3 25.664 1.47347
3 25.67 1.45514
3 25.6759 1.45229
3 25.6818 1.43075
3 25.6877 1.44263
3 25.6936 1.47002
3 25.6996 1.48155
3 25.7055 1.44831
3 25.7114 1.49662
3 25.7173 1.48213
3 25.7232 1.49023
3 25.7292 1.44206
3 25.7351 1.50128
3 25.741 1.44433
3 25.7469 1.462
3 25.7528 1.4972
3 25.7588 1.44093
3 25.7647 1.4449
3 25.7706 1.40664
3 25.7765 1.53419
3 25.7824 1.49313
3 25.7884 1.45971
3 25.7943 1.4943
3 25.8002 1.49139
3 25.8061 1.40776
3 25.812 1.44093
3 25.8179 1.46715
3 25.8239 1.4729
3 25.8298 1.41782
3 25.8357 1.51005
3 25.8416 1.42287
3 25.8475 1.42737
3 25.8535 1.45914
3 25.8594 1.48849
3 25.8653 1.53242
3 25.8712 1.41558
3 25.8904 1.63552
3 25.9022 1.50128
3 25.9082 1.52946
3 25.9141 1.52769
3 25.92 1.51415
3 25.9259 1.54786
3 25.9318 1.56582
3 25.9378 1.59123
3 25.9437 1.50362
3 25.9496 1.51885
3 25.9555 1.52297
3 25.9614 1.53419
3 25.9674 1.51826
3 25.9733 1.52356
3 25.9792 1.53479
3 25.9851 1.52828
3 25.991 1.50012
3 25.997 1.50595
3 26.0029 1.56102
3 26.0147 1.5212
3 26.0207 1.53064
3 26.0266 1.49895
3 26.0326 1.5336
3 26.0385 1.54488
3 26.0444 1.51298
3 26.0503 1.50186
3 26.0562 1.49255
3 26.0622 1.4943
3 26.0681 1.53242
3 26.074 1.56582
3 26.0799 1.51767
3 26.0858 1.52003
3 26.0918 1.51767
3 26.0977 1.51474
3 26.1036 1.53894
3 26.1095 1.49313
3 26.1154 1.48039
3 26.1214 1.51063
3 26.1273 1.51708
3 26.1332 1.47866
3 26.1391 1.48849
3 26.145 1.53005
3 26.151 1.48849
3 26.1569 1.48907
3 26.1628 1.50888
3 26.1687 1.5165
3 26.1746 1.55025
3 26.1806 1.52297
3 26.1865 1.52474
3 26.1924 1.51944
3 26.1983 1.54429
3 26.2042 1.5431
3 26.2102 1.50303
3 26.2161 1.53419
3 26.222 1.46085
3 26.2279 1.53182
3 26.2338 1.56222
3 26.2398 1.52651
3 26.2457 1.50478
3 26.2516 1.47175
3 26.2575 1.55982
3 26.2634 1.54786
3 26.2694 1.49023
3 26.2753 1.57185
3 26.2812 1.50654
3 26.2871 1.49604
3 26.293 1.48097
3 26.299 1.45742
3 26.3049 1.44774
3 26.3108 1.50595
3 26.3167 1.48675
3 26.3226 1.50012
3 26.3285 1.47808
3 26.3345 1.43244
3 26.3404 1.42963
3 26.3463 1.42793
3 26.3522 1.454
3 26.3581 1.47808
3 26.3641 1.45457
3 26.37 1.39165
3 26.3759 1.54786
3 26.3818 1.47924
3 26.3877 1.44887
3 26.3937 1.40108
3 26.3996 1.48907
3 26.4055 1.4167
3 26.4114 1.4167
3 26.4173 1.37072
3 26.4233 1.37456
3 26.4292 1.3647
3 26.4351 1.41167
3 26.441 1.32304
3 26.4469 1.40219
3 26.4529 1.40052
3 26.4588 1.34783
3 26.4647 1.39442
3 26.4706 1.40052
3 26.4765 1.35271
3 26.4825 1.39719
3 26.4884 1.3773
3 26.4943 1.35217
3 26.5002 1.40776
3 26.5061 1.36524
3 26.5121 1.3538
3 26.518 1.38999
3 26.5239 1.44319
3 26.5298 1.48097
3 26.5357 1.51708
3 26.5417 1.48907
3 26.5476 1.45685
3 26.5535 1.49197
3 26.5594 1.48617
3 26.5654 1.50012
3 26.5714 1.43753
3 26.5773 1.49488
3 26.5832 1.47635
3 26.5891 1.46715
3 26.595 1.4827
3 26.601 1.45857
3 26.6069 1.43753
3 26.6128 1.49953
3 26.6187 1.51474
3 26.6246 1.4706
3 26.6305 1.42793
3 26.6365 1.51239
3 26.6424 1.46601
3 26.6483 1.49778
3 26.6542 1.48502
3 26.6601 1.48617
3 26.6661 1.42963
3 26.672 1.46773
3 26.6779 1.57849
3 26.6838 1.5791
3 26.6897 1.48444
3 26.6957 1.47924
3 26.7016 1.49488
3 26.7075 1.44319
3 26.7134 1.44831
3 26.7193 1.45571
3 26.7253 1.45001
3 26.7312 1.54429
3 26.7371 1.5425
3 26.743 1.53953
3 26.7489 1.47635
3 26.7549 1.51063
3 26.7608 1.44887
3 26.7667 1.47002
3 26.7726 1.43357
3 26.7785 1.5165
3 26.7845 1.49023
3 26.7904 1.45857
3 26.7963 1.45514
3 26.8022 1.51826
3 26.8081 1.42007
3 26.8141 1.50245
3 26.82 1.51122
3 26.8259 1.52474
3 26.8318 1.45914
3 26.8377 1.53656
3 26.8437 1.42737
3 26.8496 1.50245
3 26.8555 1.43527
3 26.8614 1.4195
3 26.8673 1.53479
3 26.8733 1.46658
3 26.8792 1.42231
3 26.8851 1.47002
3 26.891 1.51415
3 26.8969 1.45001
3 26.9028 1.43753
3 26.9088 1.48097
3 26.9147 1.45571
3 26.9206 1.42963
3 26.9265 1.45343
3 26.9324 1.47751
3 26.9384 1.52592
3 26.9443 1.53834
3 26.9502 1.48675
3 26.9561 1.4195
3 26.962 1.52651
3 26.968 1.45685
3 26.9739 1.4347
3 26.9798 1.49604
3 26.9857 1.48733
3 26.9916 1.44717
3 26.9976 1.44831
3 27.0035 1.4827
3 27.0094 1.39552
3 27.0153 1.37566
3 27.0212 1.37291
3 27.0272 1.42963
3 27.0331 1.4449
3 27.039 1.41614
3 27.0449 1.4449
3 27.0508 1.4706
3 27.0568 1.4033
3 27.0627 1.43809
3 27.0686 1.38888
3 27.0745 1.42343
3 27.0804 1.44036
3 27.0864 1.46257
3 27.0923 1.44093
3 27.0982 1.43188
3 27.1042 1.42512
3 27.1101 1.44887
3 27.1161 1.42681
3 27.122 1.36907
3 27.1279 1.4139
3 27.1338 1.41894
3 27.1397 1.34837
3 27.1457 1.37401
3 27.1516 1.34349
3 27.1575 1.38888
3 27.1634 1.36688
3 27.1693 1.34458
3 27.1753 1.36688
3 27.1812 1.39109
3 27.1871 1.33647
3 27.193 1.30331
3 27.1989 1.36962
3 27.2048 1.3795
3 27.2108 1.44263
3 27.2167 1.4729
3 27.2226 1.46257
3 27.2285 1.39608
3 27.2344 1.39442
3 27.2404 1.43923
3 27.2463 1.43357
3 27.2522 1.44774
3 27.2581 1.47808
3 27.264 1.4449
3 27.27 1.43357
3 27.2759 1.48328
3 27.2818 1.40832
3 27.2877 1.36962
3 27.2936 1.43414
3 27.2996 1.46257
3 27.3055 1.45628
3 27.3114 1.43019
3 27.3173 1.39663
3 27.3232 1.44944
3 27.3292 1.49197
3 27.3351 1.4752
3 27.341 1.50888
3 27.3469 1.47808
3 27.3836 1.50362
3 27.3895 1.48155
3 27.3954 1.48328
3 27.4013 1.44831
3 27.4072 1.43357
3 27.4132 1.39719
3 27.4191 1.38391
3 27.425 1.43301
3 27.4309 1.50595
3 27.4368 1.51356
3 27.4428 1.43414
3 27.4487 1.47866
3 27.4546 1.4466
3 27.4605 1.41334
3 27.4664 1.47117
3 27.4724 1.4364
3 27.4783 1.39941
3 27.4842 1.39997
3 27.4901 1.458
3 27.496 1.45058
3 27.5019 1.43244
3 27.5079 1.48039
3 27.5138 1.41223
3 27.5197 1.34512
3 27.5256 1.47578
3 27.5315 1.44319
3 27.5375 1.40943
3 27.5434 1.43188
3 27.5493 1.47117
3 27.5552 1.41223
3 27.5611 1.4167
3 27.5671 1.4729
3 27.573 1.45514
3 27.5789 1.48791
3 27.5848 1.46486
3 27.5907 1.4729
3 27.5967 1.48386
3 27.6026 1.45628
3 27.6085 1.49662
NaN 27.6139 1.43753
NaN 27.6191 1.48675
NaN 27.6244 1.43188
NaN 27.6295 1.47347
NaN 27.6347 1.45685
NaN 27.6399 1.48386
NaN 27.645 1.42625
NaN 27.6503 1.46486
NaN 27.6555 1.44944
NaN 27.6606 1.41502
NaN 27.6658 1.42681
NaN 27.671 1.38888
NaN 27.6762 1.42906
NaN 27.6814 1.47578
NaN 27.6866 1.48849
NaN 27.6917 1.49197
NaN 27.6969 1.47866
NaN 27.7022 1.51767
NaN 27.7073 1.48502
NaN 27.7125 1.43357
NaN 27.7177 1.43753
NaN 27.7229 1.46371
NaN 27.7281 1.42287
NaN 27.7333 1.48155
NaN 27.7385 1.38777
NaN 27.7436 1.50478
NaN 27.7488 1.48444
NaN 27.7541 1.46945
NaN 27.7592 1.45742
NaN 27.7644 1.42063
NaN 27.7696 1.42007
NaN 27.7747 1.49139
NaN 27.7799 1.46142
NaN 27.7852 1.50829
NaN 27.7903 1.46142
NaN 27.7955 1.48559
NaN 27.8007 1.5042
NaN 27.8058 1.40497
NaN 27.8111 1.49197
NaN 27.8163 1.46888
NaN 27.8214 1.47635
NaN 27.8266 1.48039
NaN 27.8318 1.454
NaN 27.837 1.47751
NaN 27.8422 1.4072
NaN 27.8474 1.41558
NaN 27.8526 1.42175
NaN 27.8577 1.4347
NaN 27.863 1.46486
NaN 27.8682 1.45971
NaN 27.8733 1.42119
NaN 27.8785 1.40943
NaN 27.8837 1.42737
NaN 27.8889 1.34674
NaN 27.8941 1.41894
NaN 27.8993 1.42175
NaN 27.9044 1.34945
NaN 27.9096 1.36361
NaN 27.9149 1.40887
NaN 27.92 1.4285
NaN 27.9252 1.4364
NaN 27.9304 1.39497
NaN 27.9355 1.33432
NaN 27.9408 1.35
NaN 27.946 1.3922
NaN 27.9511 1.33539
NaN 27.9563 1.267
NaN 27.9615 1.29695
NaN 27.9667 1.32518
NaN 27.9719 1.34674
NaN 27.9771 1.27432
NaN 27.9823 1.36579
NaN 27.9874 1.25245
NaN 27.9927 1.37017
NaN 27.9979 1.25712
NaN 28.003 1.30809
NaN 28.0082 1.29431
NaN 28.0134 1.28797
NaN 28.0186 1.29272
NaN 28.0238 1.3049
NaN 28.029 1.27327
NaN 28.0341 1.35271
NaN 28.0393 1.31769
NaN 28.0445 1.23542
NaN 28.0497 1.29219
NaN 28.0549 1.28587
NaN 28.0601 1.33701
NaN 28.0652 1.30915
NaN 28.0704 1.27799
NaN 28.0757 1.28955
NaN 28.0808 1.34945
NaN 28.086 1.34133
NaN 28.0912 1.27484
NaN 28.0964 1.31182
NaN 28.1016 1.27432
NaN 28.1068 1.35706
NaN 28.112 1.35761
NaN 28.1171 1.33593
NaN 28.1223 1.28955
NaN 28.1275 1.36142
NaN 28.1327 1.36634
NaN 28.1379 1.38116
NaN 28.1431 1.38833
NaN 28.1482 1.39497
NaN 28.1535 1.43301
NaN 28.1587 1.44433
NaN 28.1638 1.42625
NaN 28.169 1.4466
NaN 28.1742 1.39165
NaN 28.1794 1.44603
NaN 28.1846 1.44717
NaN 28.1898 1.37291
NaN 28.1949 1.43357
NaN 28.2001 1.44717
NaN 28.2054 1.40553
NaN 28.2105 1.42007
NaN 28.2157 1.40219
NaN 28.2209 1.42568
NaN 28.226 1.43301
NaN 28.2313 1.38833
NaN 28.2365 1.36197
NaN 28.2416 1.37456
NaN 28.2468 1.48444
NaN 28.252 1.38226
NaN 28.2572 1.38005
NaN 28.2624 1.44717
NaN 28.2676 1.42625
NaN 28.2728 1.43696
NaN 28.2779 1.45343
NaN 28.2831 1.39331
NaN 28.2884 1.40052
NaN 28.2935 1.42681
NaN 28.2987 1.40943
NaN 28.3039 1.38722
NaN 28.309 1.41111
NaN 28.3143 1.39386
NaN 28.3195 1.37017
NaN 28.3246 1.41223
NaN 28.3298 1.43753
NaN 28.335 1.41614
NaN 28.3402 1.45571
NaN 28.3454 1.40943
NaN 28.3506 1.50888
NaN 28.3557 1.38005
NaN 28.3609 1.45001
NaN 28.3662 1.35597
NaN 28.3713 1.42737
NaN 28.3765 1.42231
NaN 28.3817 1.38171
NaN 28.3869 1.38005
NaN 28.3921 1.35761
NaN 28.3973 1.40664
NaN 28.4025 1.41558
NaN 28.4076 1.37017
NaN 28.4128 1.4347
NaN 28.4181 1.41894
NaN 28.4232 1.37456
NaN 28.4284 1.42231
NaN 28.4336 1.37511
NaN 28.4387 1.42231
NaN 28.444 1.40943
NaN 28.4492 1.41614
NaN 28.4543 1.46888
NaN 28.4595 1.42512
NaN 28.4647 1.41726
NaN 28.4699 1.46371
NaN 28.4751 1.50186
NaN 28.4803 1.43809
NaN 28.4854 1.40776
NaN 28.4906 1.38557
NaN 28.4959 1.4285
NaN 28.501 1.46257
NaN 28.5062 1.39165
NaN 28.5114 1.33971
NaN 28.5166 1.37675
NaN 28.5218 1.43583
NaN 28.527 1.39997
NaN 28.5322 1.36524
NaN 28.5373 1.32572
NaN 28.5425 1.41111
NaN 28.5477 1.43132
NaN 28.5529 1.41502
NaN 28.5581 1.3983
NaN 28.5633 1.39719
NaN 28.5684 1.35434
NaN 28.5736 1.48907
NaN 28.5789 1.41055
NaN 28.584 1.40943
NaN 28.5892 1.44319
NaN 28.5944 1.46486
NaN 28.5995 1.47175
NaN 28.6048 1.48849
NaN 28.61 1.37456
NaN 28.6151 1.46314
NaN 28.6203 1.47693
NaN 28.6255 1.37566
NaN 28.6307 1.42963
NaN 28.6359 1.47347
NaN 28.6411 1.43188
NaN 28.6463 1.50186
NaN 28.6514 1.45115
NaN 28.6567 1.48502
NaN 28.6619 1.52474
NaN 28.667 1.52474
4 28.6973 1.49255
4 28.7032 1.49371
4 28.7092 1.44887
4 28.7151 1.49488
4 28.721 1.44887
4 28.7269 1.51239
4 28.7328 1.48965
4 28.7388 1.44944
4 28.7447 1.44887
4 28.7506 1.42906
4 28.7565 1.45571
4 28.7624 1.43527
4 28.7684 1.42287
4 28.7743 1.46429
4 28.7802 1.39941
4 28.7861 1.43132
4 28.792 1.43414
4 28.798 1.4195
4 28.8039 1.44036
4 28.8098 1.52061
4 28.8157 1.43809
4 28.8216 1.45457
4 28.8275 1.4706
4 28.8335 1.50012
4 28.8394 1.49604
4 28.8453 1.4827
4 28.8512 1.43414
4 28.8571 1.51356
4 28.8631 1.47463
4 28.869 1.48213
4 28.8749 1.53064
4 28.8808 1.51415
4 28.8867 1.52946
4 28.8927 1.51826
4 28.8986 1.51885
4 28.9045 1.48213
4 28.9104 1.51122
4 28.9163 1.52474
4 28.9223 1.46371
4 28.9282 1.43979
4 28.9341 1.45172
4 28.94 1.4449
4 28.9459 1.44263
4 28.9519 1.55144
4 28.9578 1.48907
4 28.9637 1.4827
4 28.9696 1.56222
4 28.9755 1.49953
4 28.9815 1.5007
4 28.9992 1.58941
4 29.0051 1.52297
4 29.0111 1.49139
4 29.017 1.52887
4 29.023 1.48849
4 29.0289 1.43866
4 29.0348 1.56102
4 29.0408 1.49953
4 29.0467 1.49662
4 29.0526 1.53301
4 29.0585 1.51298
4 29.0644 1.50362
4 29.0704 1.48155
4 29.0763 1.54905
4 29.0822 1.458
4 29.0881 1.48733
4 29.094 1.54369
4 29.1 1.5425
4 29.1059 1.52533
4 29.1118 1.53775
4 29.1177 1.4827
4 29.1236 1.50829
4 29.1295 1.50245
4 29.1355 1.46486
4 29.1414 1.49953
4 29.1473 1.48849
4 29.1532 1.4706
4 29.1591 1.49081
4 29.1651 1.47578
4 29.171 1.5271
4 29.1769 1.52769
4 29.1828 1.47693
4 29.1887 1.43414
4 29.1947 1.44206
4 29.2006 1.48155
4 29.2065 1.49895
4 29.2124 1.47232
4 29.2183 1.48155
4 29.2243 1.46028
4 29.2302 1.51356
4 29.2361 1.4729
4 29.242 1.45742
4 29.2479 1.44263
4 29.2539 1.49546
4 29.2598 1.49837
4 29.2657 1.51767
4 29.2716 1.45343
4 29.2775 1.49139
4 29.2835 1.48617
4 29.2894 1.43188
4 29.2953 1.46371
4 29.3012 1.47117
4 29.3071 1.50829
4 29.3131 1.41502
4 29.319 1.50245
4 29.3249 1.43979
4 29.3308 1.45571
4 29.3367 1.42568
4 29.3427 1.42568
4 29.3486 1.47347
4 29.3545 1.47578
4 29.3604 1.46028
4 29.3663 1.47117
4 29.3723 1.47405
4 29.3782 1.50303
4 29.3841 1.48155
4 29.39 1.47175
4 29.3959 1.44774
4 29.4019 1.45914
4 29.4078 1.45742
4 29.4137 1.44433
4 29.4196 1.43244
4 29.4255 1.39663
4 29.4314 1.44319
4 29.4374 1.46601
4 29.4433 1.36142
4 29.4492 1.39497
4 29.4551 1.39941
4 29.461 1.45001
4 29.467 1.40943
4 29.4729 1.39552
4 29.4788 1.37785
4 29.4847 1.37895
4 29.4906 1.41279
4 29.4966 1.36798
4 29.5025 1.40832
4 29.5084 1.36415
4 29.5143 1.36251
4 29.5202 1.3209
4 29.5262 1.38999
4 29.5321 1.39719
4 29.538 1.34187
4 29.5439 1.31983
4 29.5498 1.35325
4 29.5558 1.34945
4 29.5618 1.3647
4 29.5677 1.35979
4 29.5736 1.39663
4 29.5795 1.35543
4 29.5855 1.40108
4 29.5914 1.37785
4 29.5973 1.44263
4 29.6032 1.42625
4 29.6091 1.4285
4 29.6151 1.36415
4 29.621 1.43188
4 29.6269 1.47002
4 29.6328 1.42512
4 29.6387 1.48213
4 29.6447 1.49081
4 29.6506 1.42793
4 29.6565 1.45685
4 29.6624 1.42625
4 29.6683 1.47117
4 29.6743 1.44944
4 29.6802 1.45001
4 29.6861 1.49255
4 29.692 1.53301
4 29.6979 1.39997
4 29.7038 1.47866
4 29.7098 1.48559
4 29.7157 1.43696
4 29.7216 1.47635
4 29.7275 1.52415
4 29.7334 1.48097
4 29.7394 1.45685
4 29.7453 1.49604
4 29.7512 1.51239
4 29.7571 1.48675
4 29.763 1.49778
4 29.769 1.49023
4 29.7749 1.49662
4 29.7808 1.44433
4 29.7867 1.49895
4 29.7926 1.45571
4 29.7986 1.48328
4 29.8045 1.57486
4 29.8104 1.46715
4 29.8163 1.49371
4 29.8222 1.45058
4 29.8282 1.51591
4 29.8341 1.4827
4 29.84 1.49023
4 29.8459 1.46773
4 29.8518 1.48502
4 29.8578 1.48155
4 29.8637 1.45971
4 29.8696 1.43979
4 29.8755 1.40219
4 29.8814 1.49778
4 29.8874 1.56763
4 29.8933 1.46888
4 29.8992 1.42343
4 29.9051 1.43414
4 29.911 1.48791
4 29.917 1.40553
4 29.9229 1.47002
4 29.9288 1.46543
4 29.9347 1.39054
4 29.9406 1.43075
4 29.9466 1.43357
4 29.9525 1.4364
4 29.9584 1.37675
4 29.9643 1.36197
4 29.9702 1.42793
4 29.9762 1.41223
4 29.9821 1.38226
4 29.988 1.41446
4 29.9939 1.40052
4 29.9998 1.41838
4 30.0057 1.42737
4 30.0117 1.41055
4 30.0176 1.44263
4 30.0235 1.47405
4 30.0294 1.44887
4 30.0353 1.4364
4 30.0413 1.39997
4 30.0472 1.39552
4 30.0531 1.41502
4 30.059 1.49255
4 30.0649 1.48907
4 30.0709 1.55682
4 30.0768 1.48502
4 30.0827 1.52474
4 30.0886 1.46543
4 30.0946 1.48617
4 30.1006 1.53656
4 30.1065 1.53834
4 30.1124 1.50362
4 30.1183 1.54667
4 30.1242 1.54786
4 30.1302 1.49197
4 30.1361 1.5077
4 30.142 1.60099
4 30.1726 1.50362
4 30.1785 1.4167
4 30.1845 1.54667
4 30.1904 1.49081
4 30.1964 1.55383
4 30.2023 1.44093
4 30.2082 1.454
4 30.2142 1.50478
4 30.2201 1.56342
4 30.226 1.47924
4 30.2319 1.52828
4 30.2378 1.49255
4 30.2438 1.50186
4 30.2497 1.50362
4 30.2556 1.46142
4 30.2615 1.53064
4 30.2674 1.52179
4 30.2734 1.43753
4 30.2793 1.48386
4 30.2852 1.49662
4 30.2911 1.48907
4 30.297 1.49778
4 30.3029 1.45514
4 30.3089 1.53419
4 30.3148 1.5165
4 30.3207 1.59367
4 30.3266 1.54548
4 30.3325 1.52769
4 30.3385 1.51591
4 30.3444 1.48097
4 30.3503 1.53064
4 30.3562 1.46715
4 30.3621 1.49081
4 30.3681 1.52592
4 30.374 1.43301
4 30.3799 1.5007
4 30.3858 1.4827
4 30.3917 1.42906
4 30.3977 1.43019
4 30.4036 1.424
4 30.4095 1.50128
4 30.4154 1.4943
4 30.4213 1.4364
4 30.4273 1.44603
4 30.4332 1.43923
4 30.4391 1.34458
4 30.445 1.41894
4 30.4509 1.38446
4 30.4569 1.29378
4 30.4628 1.38722
4 30.4687 1.39997
4 30.4746 1.35815
4 30.4805 1.33539
4 30.4865 1.33109
4 30.4924 1.37566
4 30.4983 1.35597
4 30.5042 1.48675
4 30.5101 1.42625
4 30.5161 1.42063
4 30.522 1.36142
4 30.5279 1.35054
4 30.5338 1.43188
4 30.5397 1.36415
4 30.5457 1.45172
4 30.5516 1.43075
4 30.5575 1.39608
4 30.5634 1.40999
4 30.5693 1.38116
4 30.5753 1.33971
4 30.5812 1.39497
4 30.5871 1.37072
4 30.593 1.39109
4 30.5989 1.41558
4 30.6048 1.42681
4 30.6108 1.39054
4 30.6167 1.40609
4 30.6226 1.38116
4 30.6285 1.41055
4 30.6344 1.42231
4 30.6404 1.35979
4 30.6463 1.44433
4 30.6522 1.43979
4 30.6581 1.43244
4 30.664 1.4449
4 30.67 1.38612
4 30.6759 1.42737
4 30.6818 1.38777
4 30.6877 1.38943
4 30.6936 1.38501
4 30.6996 1.40108
4 30.7055 1.41502
4 30.7114 1.41782
4 30.7173 1.41726
4 30.7232 1.38501
4 30.7292 1.42737
4 30.7351 1.49546
4 30.741 1.42343
4 30.747 1.43357
4 30.7529 1.45971
4 30.7589 1.42343
4 30.7648 1.42963
4 30.7707 1.41223
4 30.7766 1.49139
4 30.7825 1.462
4 30.7885 1.44774
4 30.7944 1.46142
4 30.8003 1.47117
4 30.8062 1.42963
4 30.8121 1.43753
4 30.8181 1.5007
4 30.824 1.49371
4 30.8299 1.43866
4 30.8358 1.51591
4 30.8417 1.50245
4 30.8477 1.45457
4 30.8536 1.50829
4 30.8595 1.49837
4 30.8654 1.56222
4 30.8713 1.48213
4 30.8773 1.55622
4 30.8832 1.51063
4 30.8891 1.49604
4 30.895 1.56823
4 30.9009 1.53775
4 30.9068 1.5271
4 30.9128 1.55563
4 30.9187 1.46773
4 30.9246 1.46486
4 30.9305 1.48328
4 30.9364 1.45001
4 30.9483 1.43357
4 30.9542 1.39663
4 30.9601 1.42906
4 30.966 1.46142
4 30.972 1.41838
4 30.9779 1.41614
4 30.9838 1.44036
4 30.9897 1.49255
4 30.9956 1.39774
4 31.0016 1.42119
4 31.0075 1.44546
4 31.0134 1.40275
4 31.0193 1.44319
4 31.0252 1.49778
4 31.0312 1.42343
4 31.0371 1.41334
4 31.043 1.5212
4 31.0489 1.49313
4 31.0548 1.42512
4 31.0608 1.37895
4 31.0667 1.40943
4 31.0726 1.38667
4 31.0785 1.47866
4 31.0844 1.45229
4 31.0904 1.40553
4 31.0963 1.4449
4 31.1022 1.39885
4 31.1081 1.45001
4 31.114 1.46658
4 31.12 1.44263
4 31.1259 1.4449
4 31.1318 1.34512
4 31.1377 1.41111
4 31.1436 1.43019
4 31.1496 1.40553
4 31.1555 1.48039
4 31.1614 1.44206
4 31.1673 1.41838
4 31.1732 1.3762
4 31.1791 1.42793
4 31.1851 1.42007
4 31.191 1.34728
4 31.1969 1.47463
4 31.2028 1.32411
4 31.2087 1.44376
4 31.2147 1.40999
4 31.2206 1.39997
4 31.2265 1.36907
4 31.2324 1.3284
4 31.2383 1.38667
4 31.2443 1.40386
4 31.2502 1.36251
4 31.2561 1.34241
4 31.262 1.37236
4 31.2679 1.43979
4 31.2739 1.40163
4 31.2798 1.38833
4 31.2858 1.40609
4 31.2917 1.3647
4 31.2976 1.36197
4 31.3036 1.36033
4 31.3095 1.35162
4 31.3154 1.32625
4 31.3213 1.34891
4 31.3272 1.35
4 31.3332 1.36142
4 31.3391 1.3773
4 31.345 1.36743
4 31.3509 1.36306
4 31.3568 1.33755
4 31.3628 1.40943
4 31.3687 1.36962
4 31.3746 1.36033
4 31.3805 1.38501
4 31.3864 1.31075
4 31.3924 1.39941
4 31.3983 1.34566
4 31.4042 1.33863
4 31.4101 1.35979
4 31.416 1.37401
4 31.422 1.32143
4 31.4279 1.34891
4 31.4338 1.39109
4 31.4397 1.33378
4 31.4456 1.30969
4 31.4516 1.39774
4 31.4575 1.39275
4 31.4634 1.36251
4 31.4693 1.44093
4 31.4752 1.43809
4 31.4811 1.38226
4 31.4871 1.44774
4 31.493 1.34295
4 31.4989 1.41894
4 31.5048 1.38281
4 31.5107 1.34079
4 31.5167 1.41838
4 31.5226 1.42287
4 31.5344 1.36798
4 31.5403 1.43979
4 31.5463 1.42007
4 31.5522 1.31715
