  3.2000000e-002 -3.7577336e-002
  4.2000000e-002 -4.0773364e-003
  5.2000000e-002 -4.9977336e-002
  6.2000000e-002 -6.3377336e-002
  7.2000000e-002 -5.8777336e-002
  8.2000000e-002 -5.7677336e-002
  9.2000000e-002 -3.7077336e-002
  1.0200000e-001 -5.4677336e-002
  1.1200000e-001 -8.3477336e-002
  1.2200000e-001 -1.5637734e-001
  1.3200000e-001 -5.9877336e-002
  1.4200000e-001 -5.0477336e-002
  1.5200000e-001 -5.1777336e-002
  1.6200000e-001 -5.3577336e-002
  1.7200000e-001 -9.1677336e-002
  1.8200000e-001 -3.7577336e-002
  1.9200000e-001 -3.6377336e-002
  2.0200000e-001 -2.4777336e-002
  2.1200000e-001 -2.4377336e-002
  2.2200000e-001 -2.7877336e-002
  2.3200000e-001 -2.0577336e-002
  2.4200000e-001 -3.4773364e-003
  2.5200000e-001 -3.8377336e-002
  2.6200000e-001 -1.1177336e-002
  2.7200000e-001 -3.8277336e-002
  2.8200000e-001 -2.2777336e-002
  2.9200000e-001 -1.2177336e-002
  3.0200000e-001 -3.8377336e-002
  3.1200000e-001  3.9822664e-002
  3.2200000e-001  1.1982266e-001
  3.3200000e-001  1.3522266e-001
  3.4200000e-001  1.1522664e-002
  3.5200000e-001 -4.9477336e-002
  3.6200000e-001 -1.6377336e-002
  3.7200000e-001  1.1722664e-002
  3.8200000e-001 -2.4877336e-002
  3.9200000e-001 -1.8977336e-002
  4.0200000e-001 -2.3477336e-002
  4.1200000e-001 -1.0777336e-002
  4.2200000e-001 -7.9773364e-003
  4.3200000e-001 -7.7733645e-004
  4.4200000e-001  3.2522664e-002
  4.5200000e-001  5.7522664e-002
  4.6200000e-001 -4.0077336e-002
  4.7200000e-001  2.8226636e-003
  4.8200000e-001 -3.1077336e-002
  4.9200000e-001 -3.5577336e-002
  5.0200000e-001 -3.9577336e-002
  5.1200000e-001 -4.1877336e-002
  5.2200000e-001 -9.6477336e-002
  5.3200000e-001 -3.1377336e-002
  5.4200000e-001  2.0822664e-002
  5.5200000e-001  8.9226636e-003
  5.6200000e-001 -2.9977336e-002
  5.7200000e-001 -1.8077336e-002
  5.8200000e-001 -2.6277336e-002
  5.9200000e-001 -3.1877336e-002
  6.0200000e-001 -2.1577336e-002
  6.1200000e-001  2.2122664e-002
  6.2200000e-001 -1.2773364e-003
  6.3200000e-001  1.0722664e-002
  6.4200000e-001  4.5722664e-002
  6.5200000e-001  4.4222664e-002
  6.6200000e-001 -3.7773364e-003
  6.7200000e-001  3.3226636e-003
  6.8200000e-001 -2.8773364e-003
  6.9200000e-001 -1.9577336e-002
  7.0200000e-001 -1.7677336e-002
  7.1200000e-001 -2.6177336e-002
  7.2200000e-001 -3.8477336e-002
  7.3200000e-001 -3.2277336e-002
  7.4200000e-001 -3.1377336e-002
  7.5200000e-001 -4.8773364e-003
  7.6200000e-001  2.1226636e-003
  7.7200000e-001  6.5226636e-003
  7.8200000e-001  6.1722664e-002
  7.9200000e-001  1.5732266e-001
  8.0200000e-001  1.4972266e-001
  8.1200000e-001  1.0602266e-001
  8.2200000e-001  1.6182266e-001
  8.3200000e-001  5.9322664e-002
  8.4200000e-001  6.8226636e-003
  8.5200000e-001 -2.0177336e-002
  8.6200000e-001 -3.0773364e-003
  8.7200000e-001  5.2322664e-002
  8.8200000e-001  6.5522664e-002
  8.9200000e-001  3.6322664e-002
  9.0200000e-001  5.9226636e-003
  9.1200000e-001 -6.4773364e-003
  9.2200000e-001 -3.5477336e-002
  9.3200000e-001  1.1226636e-003
  9.4200000e-001 -2.9577336e-002
  9.5200000e-001 -6.0677336e-002
  9.6200000e-001 -7.9977336e-002
  9.7200000e-001 -8.4877336e-002
  9.8200000e-001 -8.3977336e-002
  9.9200000e-001 -9.3777336e-002
  1.0020000e+000 -7.6877336e-002
  1.0520000e+000 -1.4957734e-001
  1.0620000e+000  3.4322664e-002
  1.0720000e+000 -6.6877336e-002
  1.0820000e+000 -3.3277336e-002
  1.0920000e+000 -4.1377336e-002
  1.1020000e+000  1.1102266e-001
  1.1120000e+000 -1.2877336e-002
  1.1220000e+000  8.5622664e-002
  1.1320000e+000  5.1522664e-002
  1.1420000e+000  1.0632266e-001
  1.1520000e+000  1.4452266e-001
  1.1620000e+000  1.1292266e-001
  1.1720000e+000  2.9222664e-002
  1.1820000e+000 -3.6773364e-003
  1.1920000e+000 -2.4773364e-003
  1.2020000e+000 -3.1577336e-002
  1.2120000e+000 -7.0773364e-003
  1.2220000e+000  2.2722664e-002
  1.2320000e+000  8.6922664e-002
  1.2420000e+000  2.0722664e-002
  1.2520000e+000  8.5822664e-002
  1.2620000e+000  2.1222664e-002
  1.2720000e+000 -1.4877336e-002
  1.2820000e+000  6.8226636e-003
  1.2920000e+000  9.8226636e-003
  1.3020000e+000  2.1522664e-002
  1.3120000e+000  1.0602266e-001
  1.3220000e+000  1.6412266e-001
  1.3320000e+000  1.5972266e-001
  1.3420000e+000  8.4522664e-002
  1.3520000e+000  1.0922664e-002
  1.3620000e+000 -2.8977336e-002
  1.3720000e+000 -4.7377336e-002
  1.3820000e+000 -4.9477336e-002
  1.3920000e+000 -6.3577336e-002
  1.4020000e+000 -1.9677336e-002
  1.4120000e+000 -3.9577336e-002
  1.4220000e+000 -4.6773364e-003
  1.4320000e+000 -9.9773364e-003
  1.4420000e+000  7.7226636e-003
  1.4520000e+000 -3.1773364e-003
  1.4620000e+000 -7.2773364e-003
  1.4720000e+000 -1.8477336e-002
  1.4820000e+000 -2.2773364e-003
  1.4920000e+000  1.0822664e-002
  1.5020000e+000  6.2226636e-003
  1.5120000e+000  1.8122664e-002
  1.5220000e+000  1.4632266e-001
  1.5320000e+000  6.2226636e-003
  1.5420000e+000  1.6222664e-002
  1.5520000e+000  2.1122664e-002
  1.5620000e+000  4.1322664e-002
  1.5720000e+000  9.4226636e-003
  1.5820000e+000  3.1422664e-002
  1.5920000e+000  3.7722664e-002
  1.6020000e+000  1.0222664e-002
  1.6120000e+000  2.4226636e-003
  1.6220000e+000 -5.7773364e-003
  1.6320000e+000  3.1122664e-002
  1.6420000e+000  4.9522664e-002
  1.6520000e+000  1.3522664e-002
  1.6620000e+000  1.4722664e-002
  1.6720000e+000  8.1226636e-003
  1.6820000e+000 -9.7733645e-004
  1.6920000e+000 -7.5773364e-003
  1.7020000e+000 -1.9077336e-002
  1.7120000e+000  1.9722664e-002
  1.7220000e+000  2.3022664e-002
  1.7320000e+000  4.3822664e-002
  1.7420000e+000  2.2822664e-002
  1.7520000e+000  1.0352266e-001
  1.7620000e+000  1.5502266e-001
  1.7720000e+000  1.8972266e-001
  1.7820000e+000  2.0212266e-001
  1.7920000e+000  2.0172266e-001
  1.8020000e+000  2.0092266e-001
  1.8120000e+000  1.8172266e-001
  1.8220000e+000  1.9132266e-001
  1.8320000e+000  2.1112266e-001
  1.8420000e+000  2.2222266e-001
  1.8520000e+000  3.0542266e-001
  1.8620000e+000  1.5222266e-001
  1.8720000e+000  3.4722664e-002
  1.8820000e+000  2.7122664e-002
  1.8920000e+000  4.5226636e-003
  1.9020000e+000  1.0522664e-002
  1.9120000e+000  2.4122664e-002
  1.9220000e+000  2.0122664e-002
  1.9320000e+000  8.2922664e-002
  1.9420000e+000  4.7022664e-002
  1.9520000e+000  1.0032266e-001
  1.9620000e+000  4.0322664e-002
  1.9720000e+000  5.1822664e-002
  1.9820000e+000  1.1392266e-001
  1.9920000e+000  1.3412266e-001
  2.0020000e+000  1.5692266e-001
  2.0120000e+000  1.4532266e-001
  2.0220000e+000  2.0222266e-001
  2.0320000e+000  2.5492266e-001
  2.0420000e+000  2.2992266e-001
  2.0520000e+000  4.1822664e-002
  2.0620000e+000  3.0822664e-002
  2.0720000e+000  1.7522664e-002
  2.0820000e+000  2.6922664e-002
  2.0920000e+000  3.6722664e-002
  2.1020000e+000  4.9522664e-002
  2.1120000e+000  9.5226636e-003
  2.1220000e+000 -4.2477336e-002
  2.1320000e+000 -2.3077336e-002
  2.1420000e+000  2.9322664e-002
  2.1520000e+000  7.8922664e-002
  2.1620000e+000  1.3922266e-001
  2.1720000e+000 -4.7277336e-002
  2.1820000e+000 -5.0477336e-002
  2.1920000e+000 -2.9577336e-002
  2.2020000e+000 -4.4773364e-003
  2.2120000e+000 -1.2577336e-002
  2.2220000e+000  1.2622664e-002
  2.2320000e+000  5.1022664e-002
  2.2420000e+000  7.3622664e-002
  2.2520000e+000  8.2822664e-002
  2.2620000e+000  8.6422664e-002
  2.2720000e+000  8.2322664e-002
  2.2820000e+000  6.8322664e-002
  2.2920000e+000  8.3922664e-002
  2.3020000e+000  5.2822664e-002
  2.3120000e+000  9.9226636e-003
  2.3220000e+000  3.5122664e-002
  2.3320000e+000  2.1522664e-002
  2.3420000e+000 -5.1773364e-003
  2.3520000e+000  2.6922664e-002
  2.3620000e+000  2.7222664e-002
  2.3720000e+000  7.2222664e-002
  2.3820000e+000  1.6362266e-001
  2.3920000e+000  1.4992266e-001
  2.4020000e+000  5.8122664e-002
  2.4120000e+000  5.4622664e-002
  2.4220000e+000 -3.4773364e-003
  2.4320000e+000  3.3422664e-002
  2.4420000e+000  5.0322664e-002
  2.4520000e+000  4.3422664e-002
  2.4620000e+000  2.3722664e-002
  2.4720000e+000  2.9422664e-002
  2.4820000e+000  2.0122664e-002
  2.4920000e+000  1.5722664e-002
  2.5020000e+000  5.3422664e-002
  2.5120000e+000  8.3226636e-003
  2.5220000e+000 -2.7077336e-002
  2.5320000e+000  2.0226636e-003
  2.5420000e+000 -7.0077336e-002
  2.5620000e+000  6.1622664e-002
  2.5720000e+000  1.0862266e-001
  2.5820000e+000  3.1122664e-002
  2.5920000e+000 -1.4877336e-002
  2.6020000e+000  2.1422664e-002
  2.6120000e+000  7.9322664e-002
  2.6220000e+000 -3.7777336e-002
  2.6320000e+000 -3.8177336e-002
  2.6420000e+000 -1.0317734e-001
  2.6520000e+000 -7.1377336e-002
  2.6620000e+000  5.5226636e-003
  2.6720000e+000 -2.2517734e-001
  2.6920000e+000 -1.4677336e-002
  2.7020000e+000 -4.2777336e-002
  2.7120000e+000  2.4622664e-002
  2.7220000e+000  3.6522664e-002
  2.7320000e+000 -1.4877336e-002
  2.7420000e+000  1.4872266e-001
  2.7520000e+000  1.4252266e-001
  2.7620000e+000  6.0722664e-002
  2.7720000e+000  9.2922664e-002
  2.7820000e+000  1.2452266e-001
  2.7920000e+000  9.8022664e-002
  2.8020000e+000  1.5202266e-001
  2.8120000e+000  1.2052266e-001
  2.8220000e+000  1.5932266e-001
  2.8320000e+000  2.8722664e-002
  2.8420000e+000  9.6422664e-002
  2.8520000e+000 -2.8877336e-002
  2.8620000e+000 -1.3087734e-001
  2.8720000e+000 -3.7877336e-002
  2.8820000e+000 -9.2177336e-002
  2.8920000e+000 -3.1773364e-003
  2.9020000e+000 -1.7577336e-002
  2.9120000e+000 -2.7877336e-002
  2.9220000e+000 -1.3187734e-001
  2.9320000e+000 -4.5077336e-002
  2.9420000e+000 -1.3773364e-003
  2.9620000e+000 -1.3877336e-002
  2.9720000e+000 -9.6777336e-002
  2.9820000e+000 -1.1937734e-001
  2.9920000e+000 -3.4077336e-002
  3.0220000e+000 -2.0287734e-001
  3.0320000e+000 -1.5037734e-001
  3.0420000e+000 -8.6377336e-002
  3.0520000e+000 -1.0127734e-001
  3.0620000e+000 -1.0507734e-001
  3.0720000e+000 -3.7277336e-002
  3.0820000e+000 -3.4773364e-003
  3.0920000e+000 -1.4467734e-001
  3.1020000e+000 -8.1677336e-002
  3.1120000e+000  1.6226636e-003
  3.1220000e+000 -5.3677336e-002
  3.1320000e+000 -7.5877336e-002
  3.1420000e+000 -3.6177336e-002
  3.1520000e+000 -1.0037734e-001
  3.1720000e+000 -9.2877336e-002
  3.1820000e+000 -2.7773364e-003
  3.1920000e+000 -1.5617734e-001
  3.2020000e+000  1.8422664e-002
  3.2120000e+000  3.5522664e-002
  3.2220000e+000  1.3622266e-001
  3.2320000e+000  8.0222664e-002
  3.2420000e+000 -1.7617734e-001
  3.2520000e+000 -1.7337734e-001
  3.2620000e+000 -2.3677336e-002
  3.2720000e+000 -4.4977336e-002
  3.2820000e+000  3.8622664e-002
  3.2920000e+000 -4.8677336e-002
  3.3020000e+000 -1.2387734e-001
  3.3120000e+000 -4.0277336e-002
  3.3220000e+000 -2.2877734e-001
  3.3320000e+000 -1.5787734e-001
  3.3420000e+000 -2.2957734e-001
  3.3520000e+000 -1.0047734e-001
  3.3820000e+000 -7.7977336e-002
  3.3920000e+000 -8.6677336e-002
  3.4220000e+000 -1.0607734e-001
  3.4320000e+000 -5.8177336e-002
  3.4420000e+000 -9.4577336e-002
  3.4520000e+000 -9.4773364e-003
  3.4620000e+000 -4.4977336e-002
  3.4720000e+000 -1.0937734e-001
  3.4820000e+000 -4.1877336e-002
  3.4920000e+000 -1.7207734e-001
  3.5020000e+000 -5.3677336e-002
  3.5120000e+000 -2.8577336e-002
  3.5220000e+000 -6.4777336e-002
  3.5320000e+000 -4.8677336e-002
  3.5420000e+000 -1.3307734e-001
  3.5520000e+000 -2.2877336e-002
  3.5620000e+000 -8.6077336e-002
  3.5720000e+000 -9.1777336e-002
  3.5820000e+000 -7.5777336e-002
  3.5920000e+000 -6.8577336e-002
  3.6020000e+000 -7.0377336e-002
  3.6120000e+000 -5.5877336e-002
  3.6220000e+000  4.1922664e-002
  3.6320000e+000  7.7822664e-002
  3.6420000e+000  1.0722266e-001
  3.6520000e+000  1.2942266e-001
  3.6620000e+000  3.3122664e-002
  3.6720000e+000  1.2252266e-001
  3.6820000e+000  1.8882266e-001
  3.6920000e+000  3.9522664e-002
  3.7020000e+000  8.2922664e-002
  3.7120000e+000  2.6122664e-002
  3.7220000e+000  8.7222664e-002
  3.7320000e+000  1.8122664e-002
  3.7420000e+000 -6.0773364e-003
  3.7520000e+000 -6.6477336e-002
  3.7620000e+000 -5.4677336e-002
  3.7720000e+000 -2.5077336e-002
  3.7820000e+000 -3.4477336e-002
  3.7920000e+000 -3.6477336e-002
  3.8020000e+000 -3.7477336e-002
  3.8120000e+000 -2.0777336e-002
  3.8220000e+000  4.7022664e-002
  3.8320000e+000  1.1562266e-001
  3.8420000e+000  1.1622266e-001
  3.8520000e+000  1.5192266e-001
  3.8620000e+000  1.2652266e-001
  3.8720000e+000  1.1022266e-001
  3.8820000e+000  1.1482266e-001
  3.8920000e+000  1.0802266e-001
  3.9020000e+000 -3.9077336e-002
  3.9220000e+000 -4.1877336e-002
  3.9320000e+000 -4.8377336e-002
  3.9520000e+000 -6.3677336e-002
  3.9620000e+000 -6.8577336e-002
  3.9720000e+000 -6.8177336e-002
  3.9820000e+000 -1.9377734e-001
  3.9920000e+000 -1.8577336e-002
  4.0020000e+000 -4.7877336e-002
  4.0120000e+000 -1.7887734e-001
  4.0220000e+000 -4.2277336e-002
  4.0320000e+000  3.2266355e-004
  4.0420000e+000 -3.4677336e-002
  4.0520000e+000 -7.9773364e-003
  4.0620000e+000  4.4226636e-003
  4.0720000e+000  6.9322664e-002
  4.0820000e+000 -1.6517734e-001
  4.0920000e+000 -7.9077336e-002
  4.1020000e+000 -6.1177336e-002
  4.1120000e+000 -6.2773364e-003
  4.1220000e+000 -1.1287734e-001
  4.1320000e+000 -3.3977336e-002
  4.1420000e+000 -6.5277336e-002
  4.1520000e+000 -6.0677336e-002
  4.1620000e+000 -4.4277336e-002
  4.1720000e+000 -5.9577336e-002
  4.1820000e+000 -6.7377336e-002
  4.1920000e+000 -8.6777336e-002
  4.2020000e+000 -7.4777336e-002
  4.2120000e+000 -7.2877336e-002
  4.2220000e+000 -6.9977336e-002
  4.2320000e+000 -7.7877336e-002
  4.2420000e+000 -8.0377336e-002
  4.2520000e+000 -5.4677336e-002
  4.2620000e+000 -7.2877336e-002
  4.2720000e+000 -7.0877336e-002
  4.2820000e+000 -6.2377336e-002
  4.2920000e+000 -6.2677336e-002
  4.3020000e+000 -6.3977336e-002
  4.3120000e+000 -6.8777336e-002
  4.3220000e+000 -6.3577336e-002
  4.3320000e+000 -7.1077336e-002
  4.3420000e+000 -6.8577336e-002
  4.3520000e+000 -4.0777336e-002
  4.3620000e+000 -4.8577336e-002
  4.3720000e+000 -8.9677336e-002
  4.3820000e+000 -8.1977336e-002
  4.3920000e+000 -1.0047734e-001
  4.4020000e+000 -7.4077336e-002
  4.4120000e+000 -8.3377336e-002
  4.4220000e+000 -8.6777336e-002
  4.4320000e+000 -8.7677336e-002
  4.4420000e+000 -9.0377336e-002
  4.4520000e+000 -8.4977336e-002
  4.4620000e+000 -7.2177336e-002
