0.032	1.3075
0.042	1.341
0.052	1.2951
0.062	1.2817
0.072	1.2863
0.082	1.2874
0.092	1.308
0.102	1.2904
0.112	1.2616
0.122	1.1887
0.132	1.2852
0.142	1.2946
0.152	1.2933
0.162	1.2915
0.172	1.2534
0.182	1.3075
0.192	1.3087
0.202	1.3203
0.212	1.3207
0.222	1.3172
0.232	1.3245
0.242	1.3416
0.252	1.3067
0.262	1.3339
0.272	1.3068
0.282	1.3223
0.292	1.3329
0.302	1.3067
0.312	1.3849
0.322	1.4649
0.332	1.4803
0.342	1.3566
0.352	1.2956
0.362	1.3287
0.372	1.3568
0.382	1.3202
0.392	1.3261
0.402	1.3216
0.412	1.3343
0.422	1.3371
0.432	1.3443
0.442	1.3776
0.452	1.4026
0.462	1.305
0.472	1.3479
0.482	1.314
0.492	1.3095
0.502	1.3055
0.512	1.3032
0.522	1.2486
0.532	1.3137
0.542	1.3659
0.552	1.354
0.562	1.3151
0.572	1.327
0.582	1.3188
0.592	1.3132
0.602	1.3235
0.612	1.3672
0.622	1.3438
0.632	1.3558
0.642	1.3908
0.652	1.3893
0.662	1.3413
0.672	1.3484
0.682	1.3422
0.692	1.3255
0.702	1.3274
0.712	1.3189
0.722	1.3066
0.732	1.3128
0.742	1.3137
0.752	1.3402
0.762	1.3472
0.772	1.3516
0.782	1.4068
0.792	1.5024
0.802	1.4948
0.812	1.4511
0.822	1.5069
0.832	1.4044
0.842	1.3519
0.852	1.3249
0.862	1.342
0.872	1.3974
0.882	1.4106
0.892	1.3814
0.902	1.351
0.912	1.3386
0.922	1.3096
0.932	1.3462
0.942	1.3155
0.952	1.2844
0.962	1.2651
0.972	1.2602
0.982	1.2611
0.992	1.2513
1.002	1.2682
1.052	1.1955
1.062	1.3794
1.072	1.2782
1.082	1.3118
1.092	1.3037
1.102	1.4561
1.112	1.3322
1.122	1.4307
1.132	1.3966
1.142	1.4514
1.152	1.4896
1.162	1.458
1.172	1.3743
1.182	1.3414
1.192	1.3426
1.202	1.3135
1.212	1.338
1.222	1.3678
1.232	1.432
1.242	1.3658
1.252	1.4309
1.262	1.3663
1.272	1.3302
1.282	1.3519
1.292	1.3549
1.302	1.3666
1.312	1.4511
1.322	1.5092
1.332	1.5048
1.342	1.4296
1.352	1.356
1.362	1.3161
1.372	1.2977
1.382	1.2956
1.392	1.2815
1.402	1.3254
1.412	1.3055
1.422	1.3404
1.432	1.3351
1.442	1.3528
1.452	1.3419
1.462	1.3378
1.472	1.3266
1.482	1.3428
1.492	1.3559
1.502	1.3513
1.512	1.3632
1.522	1.4914
1.532	1.3513
1.542	1.3613
1.552	1.3662
1.562	1.3864
1.572	1.3545
1.582	1.3765
1.592	1.3828
1.602	1.3553
1.612	1.3475
1.622	1.3393
1.632	1.3762
1.642	1.3946
1.652	1.3586
1.662	1.3598
1.672	1.3532
1.682	1.3441
1.692	1.3375
1.702	1.326
1.712	1.3648
1.722	1.3681
1.732	1.3889
1.742	1.3679
1.752	1.4486
1.762	1.5001
1.772	1.5348
1.782	1.5472
1.792	1.5468
1.802	1.546
1.812	1.5268
1.822	1.5364
1.832	1.5562
1.842	1.5673
1.852	1.6505
1.862	1.4973
1.872	1.3798
1.882	1.3722
1.892	1.3496
1.902	1.3556
1.912	1.3692
1.922	1.3652
1.932	1.428
1.942	1.3921
1.952	1.4454
1.962	1.3854
1.972	1.3969
1.982	1.459
1.992	1.4792
2.002	1.502
2.012	1.4904
2.022	1.5473
2.032	1.6
2.042	1.575
2.052	1.3869
2.062	1.3759
2.072	1.3626
2.082	1.372
2.092	1.3818
2.102	1.3946
2.112	1.3546
2.122	1.3026
2.132	1.322
2.142	1.3744
2.152	1.424
2.162	1.4843
2.172	1.2978
2.182	1.2946
2.192	1.3155
2.202	1.3406
2.212	1.3325
2.222	1.3577
2.232	1.3961
2.242	1.4187
2.252	1.4279
2.262	1.4315
2.272	1.4274
2.282	1.4134
2.292	1.429
2.302	1.3979
2.312	1.355
2.322	1.3802
2.332	1.3666
2.342	1.3399
2.352	1.372
2.362	1.3723
2.372	1.4173
2.382	1.5087
2.392	1.495
2.402	1.4032
2.412	1.3997
2.422	1.3416
2.432	1.3785
2.442	1.3954
2.452	1.3885
2.462	1.3688
2.472	1.3745
2.482	1.3652
2.492	1.3608
2.502	1.3985
2.512	1.3534
2.522	1.318
2.532	1.3471
2.542	1.275
2.562	1.4067
2.572	1.4537
2.582	1.3762
2.592	1.3302
2.602	1.3665
2.612	1.4244
2.622	1.3073
2.632	1.3069
2.642	1.2419
2.652	1.2737
2.662	1.3506
2.672	1.1199
2.692	1.3304
2.702	1.3023
2.712	1.3697
2.722	1.3816
2.732	1.3302
2.742	1.4938
2.752	1.4876
2.762	1.4058
2.772	1.438
2.782	1.4696
2.792	1.4431
2.802	1.4971
2.812	1.4656
2.822	1.5044
2.832	1.3738
2.842	1.4415
2.852	1.3162
2.862	1.2142
2.872	1.3072
2.882	1.2529
2.892	1.3419
2.902	1.3275
2.912	1.3172
2.922	1.2132
2.932	1.3
2.942	1.3437
2.962	1.3312
2.972	1.2483
2.982	1.2257
2.992	1.311
3.022	1.1422
3.032	1.1947
3.042	1.2587
3.052	1.2438
3.062	1.24
3.072	1.3078
3.082	1.3416
3.092	1.2004
3.102	1.2634
3.112	1.3467
3.122	1.2914
3.132	1.2692
3.142	1.3089
3.152	1.2447
3.172	1.2522
3.182	1.3423
3.192	1.1889
3.202	1.3635
3.212	1.3806
3.222	1.4813
3.232	1.4253
3.242	1.1689
3.252	1.1717
3.262	1.3214
3.272	1.3001
3.282	1.3837
3.292	1.2964
3.302	1.2212
3.312	1.3048
3.322	1.1163
3.332	1.1872
3.342	1.1155
3.352	1.2446
3.382	1.2671
3.392	1.2584
3.422	1.239
3.432	1.2869
3.442	1.2505
3.452	1.3356
3.462	1.3001
3.472	1.2357
3.482	1.3032
3.492	1.173
3.502	1.2914
3.512	1.3165
3.522	1.2803
3.532	1.2964
3.542	1.212
3.552	1.3222
3.562	1.259
3.572	1.2533
3.582	1.2693
3.592	1.2765
3.602	1.2747
3.612	1.2892
3.622	1.387
3.632	1.4229
3.642	1.4523
3.652	1.4745
3.662	1.3782
3.672	1.4676
3.682	1.5339
3.692	1.3846
3.702	1.428
3.712	1.3712
3.722	1.4323
3.732	1.3632
3.742	1.339
3.752	1.2786
3.762	1.2904
3.772	1.32
3.782	1.3106
3.792	1.3086
3.802	1.3076
3.812	1.3243
3.822	1.3921
3.832	1.4607
3.842	1.4613
3.852	1.497
3.862	1.4716
3.872	1.4553
3.882	1.4599
3.892	1.4531
3.902	1.306
3.922	1.3032
3.932	1.2967
3.952	1.2814
3.962	1.2765
3.972	1.2769
3.982	1.1513
3.992	1.3265
4.002	1.2972
4.012	1.1662
4.022	1.3028
4.032	1.3454
4.042	1.3104
4.052	1.3371
4.062	1.3495
4.072	1.4144
4.082	1.1799
4.092	1.266
4.102	1.2839
4.112	1.3388
4.122	1.2322
4.132	1.3111
4.142	1.2798
4.152	1.2844
4.162	1.3008
4.172	1.2855
4.182	1.2777
4.192	1.2583
4.202	1.2703
4.212	1.2722
4.222	1.2751
4.232	1.2672
4.242	1.2647
4.252	1.2904
4.262	1.2722
4.272	1.2742
4.282	1.2827
4.292	1.2824
4.302	1.2811
4.312	1.2763
4.322	1.2815
4.332	1.274
4.342	1.2765
4.352	1.3043
4.362	1.2965
4.372	1.2554
4.382	1.2631
4.392	1.2446
4.402	1.271
4.412	1.2617
4.422	1.2583
4.432	1.2574
4.442	1.2547
4.452	1.2601
4.462	1.2729
