  2.0000000e-002 -9.1593699e-002
  3.0000000e-002 -5.7193699e-002
  4.0000000e-002 -9.6793699e-002
  5.0000000e-002 -8.1093699e-002
  6.0000000e-002 -4.8893699e-002
  7.0000000e-002 -9.5793699e-002
  8.0000000e-002 -1.0409370e-001
  9.0000000e-002 -9.5893699e-002
  1.0000000e-001 -9.9593699e-002
  1.1000000e-001 -9.3293699e-002
  1.2000000e-001 -1.0589370e-001
  1.3000000e-001 -4.2993699e-002
  1.4000000e-001  2.7306301e-002
  1.5000000e-001  5.9406301e-002
  1.6000000e-001  8.3306301e-002
  1.7000000e-001  1.0850630e-001
  1.8000000e-001  1.0590630e-001
  1.9000000e-001 -1.0429370e-001
  2.0000000e-001 -1.4069370e-001
  2.1000000e-001 -1.2369370e-001
  2.2000000e-001 -4.5293699e-002
  2.3000000e-001 -1.7793699e-002
  2.4000000e-001 -4.5936986e-003
  2.5000000e-001 -3.5593699e-002
  2.6000000e-001 -2.2793699e-002
  2.7000000e-001 -6.3993699e-002
  2.8000000e-001 -5.9193699e-002
  2.9000000e-001 -9.4593699e-002
  3.0000000e-001 -1.1769370e-001
  3.1000000e-001 -9.6393699e-002
  3.2000000e-001 -7.8493699e-002
  3.3000000e-001 -9.9893699e-002
  3.4000000e-001 -1.3589370e-001
  3.5000000e-001 -1.3369370e-001
  3.6000000e-001 -1.5239370e-001
  3.7000000e-001 -1.5749370e-001
  3.8000000e-001 -3.8493699e-002
  3.9000000e-001  1.1020630e-001
  4.0000000e-001  4.2063014e-003
  4.1000000e-001 -1.2219370e-001
  4.2000000e-001 -1.2179370e-001
  4.3000000e-001 -1.7793699e-002
  4.4000000e-001 -6.3893699e-002
  4.5000000e-001 -7.8093699e-002
  4.6000000e-001 -6.3893699e-002
  4.7000000e-001  4.7406301e-002
  4.8000000e-001 -1.0089370e-001
  4.9000000e-001  4.2063014e-003
  5.0000000e-001 -2.7193699e-002
  5.1000000e-001  4.8106301e-002
  5.2000000e-001  7.0606301e-002
  5.3000000e-001  4.0406301e-002
  5.4000000e-001 -1.9593699e-002
  5.5000000e-001 -7.0793699e-002
  5.6000000e-001 -7.6293699e-002
  5.7000000e-001 -8.8693699e-002
  5.8000000e-001 -9.6393699e-002
  5.9000000e-001 -1.1439370e-001
  6.0000000e-001 -9.7193699e-002
  6.1000000e-001 -2.2793699e-002
  6.2000000e-001 -5.6093699e-002
  6.3000000e-001 -2.0993699e-002
  6.4000000e-001 -7.3293699e-002
  6.5000000e-001 -7.3093699e-002
  6.6000000e-001 -1.0409370e-001
  6.7000000e-001 -8.8093699e-002
  6.8000000e-001 -9.5693699e-002
  6.9000000e-001 -8.2293699e-002
  7.0000000e-001  7.3206301e-002
  7.1000000e-001  9.6506301e-002
  7.2000000e-001  7.2806301e-002
  7.3000000e-001 -7.4193699e-002
  7.4000000e-001 -8.0393699e-002
  7.5000000e-001 -1.2909370e-001
  7.6000000e-001 -1.9709370e-001
  7.7000000e-001 -2.7009370e-001
  7.8000000e-001 -2.5319370e-001
  7.9000000e-001 -1.4669370e-001
  8.0000000e-001 -1.8799370e-001
  8.1000000e-001 -2.3119370e-001
  8.2000000e-001 -2.0209370e-001
  8.3000000e-001 -2.1789370e-001
  8.4000000e-001 -3.3659370e-001
  8.7000000e-001 -2.1799370e-001
  8.8000000e-001 -2.1349370e-001
  8.9000000e-001 -1.8199370e-001
  9.0000000e-001 -1.6849370e-001
  9.1000000e-001 -1.2299370e-001
  9.2000000e-001 -4.0993699e-002
  9.3000000e-001 -5.9936986e-003
  9.4000000e-001 -1.1299370e-001
  9.5000000e-001 -1.0589370e-001
  9.6000000e-001 -9.6093699e-002
  9.7000000e-001 -1.1529370e-001
  9.8000000e-001 -7.7993699e-002
  9.9000000e-001 -6.0893699e-002
  1.0000000e+000 -6.5893699e-002
  1.0100000e+000 -7.2093699e-002
  1.0200000e+000 -6.8593699e-002
  1.0300000e+000 -3.5593699e-002
  1.0400000e+000 -5.7193699e-002
  1.0500000e+000 -7.8993699e-002
  1.0600000e+000 -1.1709370e-001
  1.0700000e+000 -1.0079370e-001
  1.0800000e+000 -1.0529370e-001
  1.0900000e+000 -4.6993699e-002
  1.1000000e+000 -6.1093699e-002
  1.1100000e+000 -8.5893699e-002
  1.1200000e+000  5.6306301e-002
  1.1300000e+000  1.0870630e-001
  1.1400000e+000  1.1440630e-001
  1.1500000e+000  1.2170630e-001
  1.1600000e+000  1.2610630e-001
  1.1700000e+000  1.2100630e-001
  1.1800000e+000  1.0810630e-001
  1.1900000e+000  1.6940630e-001
  1.2000000e+000  1.9470630e-001
  1.2100000e+000 -4.0093699e-002
  1.2200000e+000 -7.0693699e-002
  1.2300000e+000 -5.6193699e-002
  1.2400000e+000 -5.8293699e-002
  1.2500000e+000 -5.4493699e-002
  1.2600000e+000 -1.7293699e-002
  1.2700000e+000 -5.0793699e-002
  1.2800000e+000 -6.5093699e-002
  1.2900000e+000 -3.7093699e-002
  1.3000000e+000  3.3306301e-002
  1.3100000e+000  7.9106301e-002
  1.3200000e+000  9.6306301e-002
  1.3300000e+000  1.4440630e-001
  1.3400000e+000  1.8990630e-001
  1.3500000e+000 -1.0119370e-001
  1.3600000e+000 -1.3869370e-001
  1.3700000e+000 -1.2419370e-001
  1.3800000e+000 -1.0459370e-001
  1.3900000e+000 -9.7593699e-002
  1.4000000e+000 -6.0593699e-002
  1.4100000e+000 -9.8393699e-002
  1.4200000e+000 -5.6493699e-002
  1.4300000e+000  5.3206301e-002
  1.4400000e+000  9.0006301e-002
  1.4500000e+000  1.3290630e-001
  1.4600000e+000  1.8730630e-001
  1.4700000e+000 -6.2593699e-002
  1.4800000e+000 -9.4593699e-002
  1.4900000e+000 -4.6793699e-002
  1.5000000e+000 -3.3993699e-002
  1.5100000e+000 -3.1193699e-002
  1.5200000e+000 -2.9693699e-002
  1.5300000e+000 -1.7293699e-002
  1.5400000e+000 -3.2393699e-002
  1.5500000e+000 -5.0293699e-002
  1.5600000e+000 -6.1993699e-002
  1.5700000e+000 -2.3393699e-002
  1.5800000e+000 -5.0693699e-002
  1.5900000e+000 -9.0293699e-002
  1.6000000e+000 -1.0289370e-001
  1.6100000e+000 -7.4293699e-002
  1.6200000e+000 -8.5893699e-002
  1.6300000e+000  5.2706301e-002
  1.6400000e+000  8.2006301e-002
  1.6500000e+000 -7.1793699e-002
  1.6600000e+000 -6.2193699e-002
  1.6700000e+000 -6.5793699e-002
  1.6800000e+000 -6.8193699e-002
  1.6900000e+000 -8.5693699e-002
  1.7000000e+000 -1.1569370e-001
  1.7100000e+000 -8.4693699e-002
  1.7200000e+000 -4.9893699e-002
  1.7300000e+000 -3.6393699e-002
  1.7400000e+000 -4.9493699e-002
  1.7500000e+000 -7.4493699e-002
  1.7600000e+000  5.9906301e-002
  1.7700000e+000 -2.9093699e-002
  1.7800000e+000 -1.1529370e-001
  1.7900000e+000  1.5063014e-003
  1.8000000e+000 -1.5693699e-002
  1.8100000e+000 -1.0589370e-001
  1.8200000e+000 -8.7293699e-002
  1.8300000e+000 -8.0093699e-002
  1.8400000e+000 -1.1639370e-001
  1.8500000e+000 -1.3489370e-001
  1.8600000e+000 -7.7193699e-002
  1.8700000e+000 -8.8993699e-002
  1.8800000e+000 -2.8393699e-002
  1.8900000e+000  5.5006301e-002
  1.9000000e+000 -4.4293699e-002
  1.9100000e+000  8.7206301e-002
  1.9200000e+000  1.0840630e-001
  1.9300000e+000  1.3750630e-001
  1.9400000e+000  1.9740630e-001
  1.9500000e+000  1.5970630e-001
  1.9600000e+000 -7.8093699e-002
  1.9700000e+000 -5.9293699e-002
  1.9800000e+000 -6.6993699e-002
  1.9900000e+000 -8.2293699e-002
  2.0000000e+000 -7.1793699e-002
  2.0100000e+000 -6.1993699e-002
  2.0200000e+000 -5.2893699e-002
  2.0300000e+000 -6.8693699e-002
  2.0400000e+000 -1.0239370e-001
  2.0500000e+000 -8.4393699e-002
  2.0600000e+000 -6.9393699e-002
  2.0700000e+000 -6.1093699e-002
  2.0800000e+000 -6.5493699e-002
  2.0900000e+000 -4.8093699e-002
  2.1000000e+000 -5.0193699e-002
  2.1100000e+000 -3.7393699e-002
  2.1200000e+000 -2.1193699e-002
  2.1300000e+000 -3.9093699e-002
  2.1400000e+000 -7.1393699e-002
  2.1500000e+000 -2.6693699e-002
  2.1600000e+000 -3.7693699e-002
  2.1700000e+000 -2.7093699e-002
  2.1800000e+000  3.8063014e-003
  2.1900000e+000 -3.6293699e-002
  2.2000000e+000 -2.9093699e-002
  2.2100000e+000 -1.6936986e-003
  2.2200000e+000  1.4100630e-001
  2.2300000e+000  1.4080630e-001
  2.2400000e+000  1.4980630e-001
  2.2500000e+000 -2.7493699e-002
  2.2600000e+000 -1.8993699e-002
  2.2700000e+000 -1.3593699e-002
  2.2800000e+000  5.7606301e-002
  2.2900000e+000 -1.7793699e-002
  2.3000000e+000 -6.1193699e-002
  2.3100000e+000 -2.8393699e-002
  2.3200000e+000 -4.9193699e-002
  2.3300000e+000 -7.6293699e-002
  2.3400000e+000 -9.3193699e-002
  2.3500000e+000 -9.9993699e-002
  2.3600000e+000 -1.6019370e-001
  2.3800000e+000 -1.9259370e-001
  2.3900000e+000 -1.1909370e-001
  2.4000000e+000 -4.7393699e-002
  2.4100000e+000 -3.4993699e-002
  2.4200000e+000 -3.4193699e-002
  2.4300000e+000 -5.1293699e-002
  2.4400000e+000  3.4306301e-002
  2.4500000e+000  7.8063014e-003
  2.4600000e+000  2.8063014e-003
  2.4700000e+000  1.5906301e-002
  2.4800000e+000  6.1063014e-003
  2.4900000e+000 -2.3936986e-003
  2.5000000e+000  1.2106301e-002
  2.5100000e+000 -6.4793699e-002
  2.5200000e+000 -3.6593699e-002
  2.5300000e+000 -1.3293699e-002
  2.5400000e+000 -4.2893699e-002
  2.5500000e+000  1.1406301e-002
  2.5600000e+000  3.8906301e-002
  2.5700000e+000  1.1240630e-001
  2.5800000e+000  1.0680630e-001
  2.5900000e+000  1.1450630e-001
  2.6000000e+000  1.4670630e-001
  2.6100000e+000  2.0440630e-001
  2.6200000e+000  1.2960630e-001
  2.6300000e+000  9.2006301e-002
  2.6400000e+000  7.8306301e-002
  2.6500000e+000 -6.0093699e-002
  2.6600000e+000  4.4506301e-002
  2.6700000e+000 -1.1369370e-001
  2.6800000e+000 -5.2793699e-002
  2.6900000e+000 -6.2993699e-002
  2.7000000e+000 -8.8293699e-002
  2.7100000e+000 -1.3389370e-001
  2.7200000e+000 -3.9393699e-002
  2.7300000e+000 -4.0393699e-002
  2.7400000e+000 -5.5493699e-002
  2.7500000e+000  6.5006301e-002
  2.7600000e+000  1.0590630e-001
  2.7700000e+000  7.3506301e-002
  2.7800000e+000  9.8206301e-002
  2.7900000e+000  4.3706301e-002
  2.8000000e+000  7.4106301e-002
  2.8100000e+000  9.4606301e-002
  2.8200000e+000  3.0606301e-002
  2.8300000e+000 -1.2699370e-001
  2.8400000e+000 -1.3159370e-001
  2.8500000e+000 -1.1969370e-001
  2.8600000e+000 -1.4879370e-001
  2.8700000e+000 -5.5993699e-002
  2.8800000e+000 -1.1849370e-001
  2.8900000e+000 -1.3699370e-001
  2.9000000e+000 -1.3369370e-001
  2.9100000e+000 -3.5293699e-002
  2.9200000e+000 -6.8393699e-002
  2.9300000e+000 -9.9293699e-002
  2.9400000e+000 -7.6093699e-002
  2.9500000e+000 -7.7193699e-002
  2.9600000e+000 -8.9293699e-002
  2.9700000e+000 -7.7493699e-002
  2.9800000e+000 -6.3993699e-002
  2.9900000e+000  1.4906301e-002
  3.0000000e+000  8.0063014e-003
  3.0100000e+000 -3.1593699e-002
  3.0200000e+000 -5.7193699e-002
  3.0300000e+000 -1.1019370e-001
  3.0400000e+000 -1.1709370e-001
  3.0500000e+000 -6.4593699e-002
  3.0600000e+000 -5.1093699e-002
  3.0700000e+000 -6.0293699e-002
  3.0800000e+000 -5.1093699e-002
  3.0900000e+000 -3.8293699e-002
  3.1000000e+000 -3.8493699e-002
  3.1100000e+000 -7.4493699e-002
  3.1200000e+000  1.9206301e-002
  3.1300000e+000  9.0406301e-002
  3.1400000e+000  1.1880630e-001
  3.1500000e+000  4.6506301e-002
  3.1600000e+000  6.0606301e-002
  3.1700000e+000  7.2806301e-002
  3.1800000e+000  7.1106301e-002
  3.1900000e+000  9.3006301e-002
  3.2000000e+000  7.5006301e-002
  3.2100000e+000 -1.4159370e-001
  3.2200000e+000 -1.0529370e-001
  3.2300000e+000 -1.3319370e-001
  3.2400000e+000 -1.0289370e-001
  3.2500000e+000 -9.9693699e-002
  3.2600000e+000 -1.1899370e-001
  3.2700000e+000 -5.4193699e-002
  3.2800000e+000 -9.7293699e-002
  3.2900000e+000 -1.4179370e-001
  3.3000000e+000  3.1206301e-002
  3.3100000e+000  3.2606301e-002
  3.3200000e+000  4.2063014e-003
  3.3300000e+000 -3.7793699e-002
  3.3400000e+000 -2.5893699e-002
  3.3500000e+000 -1.2019370e-001
  3.3600000e+000 -1.2859370e-001
  3.3700000e+000 -1.7469370e-001
  3.3800000e+000 -2.8193699e-002
  3.3900000e+000 -5.8936986e-003
  3.4000000e+000 -1.2759370e-001
  3.4100000e+000 -1.5039370e-001
  3.4200000e+000 -5.6936986e-003
  3.4300000e+000 -3.8293699e-002
  3.4400000e+000 -8.3893699e-002
  3.4500000e+000 -1.5419370e-001
  3.4600000e+000 -9.7193699e-002
  3.4700000e+000 -2.0593699e-002
  3.4800000e+000 -6.8093699e-002
  3.4900000e+000 -4.2793699e-002
  3.5000000e+000 -2.6579370e-001
  3.5100000e+000 -1.1109370e-001
  3.5200000e+000 -8.0093699e-002
  3.5300000e+000 -4.6193699e-002
  3.5400000e+000  1.5906301e-002
  3.5500000e+000  1.9106301e-002
  3.5600000e+000  1.0840630e-001
  3.5700000e+000 -7.5793699e-002
  3.5800000e+000 -1.6599370e-001
  3.6000000e+000 -1.6559370e-001
  3.6100000e+000 -1.3559370e-001
  3.6200000e+000 -6.9793699e-002
  3.6300000e+000 -1.5809370e-001
  3.6700000e+000 -1.4849370e-001
  3.6800000e+000 -1.1359370e-001
  3.6900000e+000 -7.0493699e-002
  3.7000000e+000 -1.6609370e-001
  3.7100000e+000 -6.2093699e-002
  3.7200000e+000 -1.2769370e-001
  3.7300000e+000 -9.2393699e-002
  3.7400000e+000 -1.5119370e-001
  3.7500000e+000 -6.2293699e-002
  3.7600000e+000 -1.5999370e-001
  3.7700000e+000 -2.8809370e-001
  3.7800000e+000 -1.7089370e-001
  3.7900000e+000 -1.7409370e-001
  3.8000000e+000 -1.8359370e-001
  3.8100000e+000 -2.6609370e-001
  3.8200000e+000 -9.5993699e-002
  3.8300000e+000 -2.8359370e-001
  3.8400000e+000 -1.1159370e-001
  3.8500000e+000 -2.1949370e-001
  3.8600000e+000 -1.3169370e-001
  3.8700000e+000 -1.1009370e-001
  3.8800000e+000 -2.9419370e-001
  3.9000000e+000 -7.8693699e-002
  3.9100000e+000 -1.5529370e-001
  3.9400000e+000 -9.6193699e-002
  3.9500000e+000 -2.0769370e-001
  3.9600000e+000 -2.3829370e-001
  3.9700000e+000 -1.3549370e-001
  3.9800000e+000 -1.6419370e-001
  3.9900000e+000 -1.8869370e-001
  4.0100000e+000 -2.1249370e-001
  4.0200000e+000 -1.3999370e-001
  4.0400000e+000 -1.0529370e-001
  4.0500000e+000 -1.9369370e-001
  4.0600000e+000 -1.2569370e-001
  4.0700000e+000 -1.0229370e-001
  4.0800000e+000 -1.0109370e-001
  4.0900000e+000 -3.7693699e-002
  4.1000000e+000 -3.1793699e-002
  4.1100000e+000 -1.7399370e-001
  4.1200000e+000 -6.4893699e-002
  4.1400000e+000 -1.5693699e-002
  4.1500000e+000 -8.8493699e-002
  4.1600000e+000 -7.9293699e-002
  4.1700000e+000 -1.2559370e-001
  4.1800000e+000 -6.1093699e-002
  4.1900000e+000 -1.1169370e-001
  4.2000000e+000 -8.7993699e-002
  4.2100000e+000 -1.6529370e-001
  4.2200000e+000 -1.4909370e-001
  4.2300000e+000 -1.2789370e-001
  4.2400000e+000 -1.2909370e-001
  4.2600000e+000 -2.2759370e-001
  4.2700000e+000 -1.5389370e-001
  4.2800000e+000 -2.2719370e-001
  4.2900000e+000 -1.2049370e-001
  4.3000000e+000 -1.1689370e-001
  4.3100000e+000 -7.4293699e-002
  4.3200000e+000 -1.1519370e-001
  4.3300000e+000 -7.3693699e-002
  4.3400000e+000 -8.7893699e-002
  4.3500000e+000 -2.8079370e-001
  4.3600000e+000 -6.7293699e-002
  4.3700000e+000 -3.2889370e-001
  4.3800000e+000 -5.3893699e-002
  4.3900000e+000 -2.7389370e-001
  4.4000000e+000 -9.7693699e-002
  4.4100000e+000 -2.0819370e-001
  4.4200000e+000 -1.2109370e-001
  4.4300000e+000 -1.2779370e-001
  4.4400000e+000 -5.6893699e-002
  4.4500000e+000 -2.2293699e-002
  4.4600000e+000  3.0006301e-002
  4.4700000e+000  6.3906301e-002
  4.4800000e+000  2.4206301e-002
  4.4900000e+000 -2.9936986e-003
  4.5000000e+000  5.8306301e-002
  4.5100000e+000  6.1106301e-002
  4.5200000e+000  1.2530630e-001
  4.5300000e+000  8.3506301e-002
  4.5400000e+000 -1.7939370e-001
  4.5500000e+000 -3.0936986e-003
  4.5600000e+000 -4.0493699e-002
  4.5700000e+000  1.3206301e-002
  4.5800000e+000 -3.0493699e-002
  4.5900000e+000 -3.0936986e-003
  4.6000000e+000  1.2506301e-002
  4.6100000e+000 -1.4039370e-001
  4.6200000e+000 -1.5969370e-001
  4.6300000e+000 -1.2919370e-001
  4.6400000e+000 -1.4139370e-001
  4.6500000e+000 -1.1889370e-001
  4.6600000e+000 -1.3829370e-001
  4.6700000e+000 -9.9593699e-002
  4.6800000e+000 -8.4793699e-002
  4.6900000e+000 -2.1659370e-001
  4.7000000e+000 -1.6209370e-001
  4.7100000e+000 -6.2193699e-002
  4.7200000e+000 -2.7593699e-002
  4.7300000e+000 -9.9693699e-002
  4.7400000e+000 -1.5289370e-001
  4.7500000e+000 -1.5979370e-001
  4.7600000e+000 -1.3659370e-001
  4.7700000e+000 -1.7419370e-001
  4.7800000e+000 -1.1669370e-001
  4.7900000e+000 -1.3229370e-001
  4.8000000e+000 -8.9093699e-002
  4.8100000e+000 -1.1209370e-001
  4.8200000e+000 -1.2409370e-001
  4.8300000e+000 -7.8193699e-002
  4.8400000e+000 -1.7359370e-001
  4.8500000e+000 -1.4859370e-001
  4.8600000e+000 -1.5539370e-001
  4.8700000e+000 -9.8193699e-002
  4.8800000e+000 -1.3009370e-001
  4.8900000e+000 -1.1309370e-001
  4.9000000e+000 -9.7093699e-002
  4.9100000e+000 -8.2493699e-002
  4.9200000e+000 -6.0693699e-002
  4.9300000e+000 -7.7693699e-002
  4.9400000e+000 -6.6693699e-002
  4.9500000e+000 -2.1459370e-001
  4.9600000e+000 -1.7319370e-001
  4.9700000e+000 -3.9693699e-002
  4.9800000e+000 -1.4339370e-001
  4.9900000e+000 -1.6689370e-001
  5.0000000e+000 -1.3049370e-001
  5.0100000e+000 -1.1039370e-001
  5.0200000e+000 -9.6593699e-002
  5.0300000e+000 -1.0749370e-001
  5.0400000e+000 -4.5793699e-002
  5.0500000e+000 -7.5193699e-002
  5.0600000e+000 -7.3793699e-002
  5.0700000e+000 -1.2659370e-001
  5.0800000e+000 -9.9293699e-002
  5.0900000e+000 -1.0419370e-001
  5.1000000e+000 -1.6679370e-001
  5.1100000e+000 -1.3329370e-001
  5.1200000e+000 -7.9193699e-002
  5.1300000e+000 -1.5979370e-001
  5.1400000e+000 -1.5259370e-001
  5.1500000e+000 -6.6593699e-002
  5.1600000e+000 -1.2229370e-001
  5.1700000e+000 -1.7529370e-001
  5.1800000e+000 -1.1699370e-001
  5.1900000e+000 -1.3199370e-001
  5.2000000e+000 -8.5493699e-002
  5.2100000e+000 -5.7393699e-002
  5.2200000e+000 -5.2193699e-002
  5.2300000e+000 -1.3493699e-002
  5.2400000e+000 -3.9793699e-002
  5.2500000e+000 -2.3793699e-002
  5.2600000e+000 -9.3593699e-002
  5.2700000e+000 -1.5219370e-001
  5.2800000e+000 -3.4829370e-001
  5.2900000e+000 -6.9793699e-002
  5.3000000e+000 -4.5093699e-002
  5.3100000e+000 -2.1093699e-002
  5.3200000e+000 -2.5936986e-003
  5.3300000e+000 -9.8493699e-002
  5.3400000e+000 -1.7393699e-002
  5.3500000e+000 -2.5893699e-002
  5.3600000e+000 -1.0149370e-001
  5.3700000e+000 -6.8293699e-002
  5.3800000e+000 -2.0793699e-002
  5.3900000e+000  4.4306301e-002
  5.4000000e+000 -3.9936986e-003
  5.4100000e+000 -4.1193699e-002
  5.4200000e+000 -2.8729370e-001
  5.4300000e+000 -1.2879370e-001
  5.4900000e+000 -1.2599370e-001
  5.5000000e+000 -2.5839370e-001
  5.5100000e+000 -2.5999370e-001
  5.5200000e+000 -6.7193699e-002
  5.5300000e+000 -1.9619370e-001
  5.5600000e+000 -1.3189370e-001
  5.5700000e+000 -3.4419370e-001
  5.5900000e+000 -1.2039370e-001
  5.6300000e+000 -1.2779370e-001
  5.6600000e+000 -3.3169370e-001
  5.6900000e+000 -1.0069370e-001
  5.7000000e+000 -1.0059370e-001
  5.7100000e+000 -1.8329370e-001
  5.7200000e+000 -5.1793699e-002
  5.7300000e+000 -2.3609370e-001
  5.7400000e+000 -1.2779370e-001
  5.7500000e+000 -8.1893699e-002
  5.7600000e+000 -9.0793699e-002
  5.7700000e+000 -6.0493699e-002
  5.7800000e+000 -1.1029370e-001
  5.7900000e+000 -1.9589370e-001
  5.8000000e+000 -3.4593699e-002
  5.8100000e+000  6.9063014e-003
  5.8200000e+000 -6.8793699e-002
  5.8300000e+000 -5.6893699e-002
  5.8400000e+000 -1.0749370e-001
  5.8500000e+000 -1.8779370e-001
  5.8600000e+000 -8.5393699e-002
  5.8700000e+000 -8.3793699e-002
  5.8800000e+000 -6.0693699e-002
  5.8900000e+000 -1.4929370e-001
  5.9000000e+000 -1.3039370e-001
  5.9100000e+000 -9.7493699e-002
  5.9200000e+000 -8.6093699e-002
  5.9300000e+000 -1.1579370e-001
  5.9400000e+000 -9.8293699e-002
  5.9500000e+000 -5.2293699e-002
  5.9600000e+000 -4.2793699e-002
  5.9700000e+000 -1.0999370e-001
  5.9800000e+000  3.6906301e-002
  5.9900000e+000 -1.3289370e-001
  6.0000000e+000 -2.3299370e-001
  6.0100000e+000 -1.6589370e-001
  6.0200000e+000 -3.2393699e-002
  6.0300000e+000 -1.1049370e-001
  6.0400000e+000 -4.7493699e-002
  6.0500000e+000  2.6406301e-002
  6.0600000e+000 -8.7093699e-002
  6.0700000e+000 -4.9993699e-002
  6.0800000e+000 -2.1936986e-003
  6.0900000e+000  7.2106301e-002
  6.1000000e+000 -1.5936986e-003
  6.1100000e+000  9.6506301e-002
  6.2000000e+000 -8.1936986e-003
  6.2100000e+000 -3.2593699e-002
  6.2400000e+000 -1.3509370e-001
  6.2500000e+000  2.1106301e-002
  6.2600000e+000  3.4806301e-002
  6.2700000e+000  2.4006301e-002
  6.2800000e+000 -1.3693699e-002
  6.2900000e+000 -8.6293699e-002
  6.3000000e+000  8.9063014e-003
  6.3100000e+000  4.8906301e-002
  6.3200000e+000 -1.5593699e-002
  6.3300000e+000  9.8063014e-003
  6.3400000e+000 -9.2493699e-002
  6.3500000e+000  3.2606301e-002
  6.3600000e+000 -1.4893699e-002
  6.3700000e+000  5.7206301e-002
  6.3800000e+000  1.0230630e-001
  6.3900000e+000  3.1106301e-002
  6.4000000e+000  8.1706301e-002
  6.4100000e+000  1.0960630e-001
  6.4200000e+000  1.4460630e-001
  6.4300000e+000  1.0410630e-001
  6.4400000e+000  9.7706301e-002
  6.4500000e+000  9.2806301e-002
  6.4600000e+000  8.2406301e-002
  6.4700000e+000  8.7306301e-002
  6.4800000e+000  6.3806301e-002
  6.4900000e+000  6.1806301e-002
  6.5000000e+000  5.4306301e-002
  6.5100000e+000  7.2506301e-002
  6.5200000e+000  7.5506301e-002
  6.5300000e+000  6.9506301e-002
  6.5400000e+000  6.4306301e-002
  6.5500000e+000  1.4480630e-001
  6.5600000e+000  2.1380630e-001
  6.5700000e+000  1.7910630e-001
  6.5800000e+000  1.6350630e-001
  6.5900000e+000  9.3706301e-002
  6.6000000e+000  1.0290630e-001
  6.6100000e+000  1.4700630e-001
  6.6200000e+000  1.8390630e-001
  6.6300000e+000  1.7740630e-001
  6.6400000e+000  2.1740630e-001
  6.6500000e+000  1.7450630e-001
  6.6600000e+000  1.2470630e-001
  6.6700000e+000  7.5006301e-002
  6.6800000e+000  9.3506301e-002
  6.6900000e+000  7.3606301e-002
  6.7000000e+000  5.6406301e-002
  6.7100000e+000  8.5406301e-002
  6.7200000e+000  1.4810630e-001
  6.7300000e+000  2.3800630e-001
  6.7400000e+000  2.0280630e-001
  6.7500000e+000  2.0040630e-001
  6.7600000e+000  1.9710630e-001
  6.7700000e+000  2.4540630e-001
  6.7800000e+000  2.6440630e-001
  6.7900000e+000  4.4010630e-001
  6.8000000e+000  1.8830630e-001
  6.8100000e+000  1.0140630e-001
  6.8200000e+000  1.0200630e-001
  6.8300000e+000  1.1210630e-001
  6.8400000e+000  9.8406301e-002
  6.8500000e+000  6.7106301e-002
  6.8600000e+000  5.3106301e-002
  6.8700000e+000  4.5906301e-002
  6.8800000e+000  7.3606301e-002
  6.8900000e+000  6.3106301e-002
  6.9000000e+000  9.5506301e-002
  6.9100000e+000  1.0370630e-001
  6.9200000e+000  1.1890630e-001
  6.9300000e+000  1.3106301e-002
  6.9400000e+000  3.6063014e-003
  6.9600000e+000 -3.1093699e-002
  6.9700000e+000  5.5406301e-002
  6.9800000e+000  3.2806301e-002
  6.9900000e+000  7.4206301e-002
  7.0000000e+000  9.0206301e-002
  7.0100000e+000  1.0210630e-001
  7.0200000e+000  7.8406301e-002
  7.0300000e+000  6.5806301e-002
  7.0400000e+000  8.9506301e-002
  7.0500000e+000  7.7006301e-002
  7.0600000e+000  7.2506301e-002
  7.0700000e+000  9.2606301e-002
  7.0800000e+000  6.7906301e-002
  7.0900000e+000  7.5606301e-002
  7.1000000e+000  7.3906301e-002
  7.1100000e+000  1.0220630e-001
  7.1200000e+000  1.2070630e-001
  7.1300000e+000  8.9006301e-002
  7.1400000e+000  8.4106301e-002
  7.1500000e+000  6.8606301e-002
  7.1600000e+000  4.9106301e-002
  7.1700000e+000  8.0506301e-002
  7.1800000e+000  1.0400630e-001
  7.1900000e+000  8.8406301e-002
  7.2000000e+000  1.1750630e-001
  7.2100000e+000  1.3650630e-001
  7.2200000e+000  1.1370630e-001
  7.2300000e+000  1.2900630e-001
  7.2400000e+000  9.0406301e-002
  7.2500000e+000  1.7660630e-001
  7.2600000e+000  2.1430630e-001
  7.2700000e+000  2.1540630e-001
  7.2800000e+000  1.3590630e-001
  7.2900000e+000  5.8606301e-002
  7.3000000e+000  8.9106301e-002
  7.3100000e+000  8.3906301e-002
  7.3200000e+000  7.1106301e-002
  7.3300000e+000  7.6006301e-002
  7.3400000e+000  6.6306301e-002
  7.3500000e+000  4.6306301e-002
  7.3600000e+000  8.7406301e-002
  7.3700000e+000  6.6706301e-002
  7.3800000e+000  8.7306301e-002
  7.3900000e+000  1.1790630e-001
  7.4000000e+000  1.1050630e-001
  7.4100000e+000  8.5206301e-002
  7.4200000e+000  1.0390630e-001
  7.4300000e+000  8.1706301e-002
  7.4400000e+000  1.4490630e-001
  7.4500000e+000  1.6210630e-001
  7.4600000e+000  1.6510630e-001
  7.4700000e+000  9.8006301e-002
  7.4800000e+000  1.0420630e-001
  7.4900000e+000  1.0010630e-001
  7.5000000e+000  1.0010630e-001
  7.5100000e+000  8.7906301e-002
  7.5200000e+000  9.6506301e-002
  7.5300000e+000  8.3506301e-002
  7.5400000e+000  6.9706301e-002
  7.5500000e+000  8.1706301e-002
  7.5600000e+000  1.4970630e-001
  7.5700000e+000  1.1540630e-001
  7.5800000e+000  8.3206301e-002
  7.5900000e+000  7.5006301e-002
  7.6000000e+000  7.8706301e-002
  7.6100000e+000  1.0550630e-001
  7.6200000e+000  9.1306301e-002
  7.6300000e+000  8.0206301e-002
  7.6400000e+000  8.9906301e-002
  7.6500000e+000  8.3306301e-002
  7.6600000e+000  8.4706301e-002
  7.6700000e+000  6.9706301e-002
  7.6800000e+000  5.2606301e-002
  7.6900000e+000  1.4240630e-001
  7.7000000e+000  1.1640630e-001
  7.7100000e+000  7.3006301e-002
  7.7200000e+000  6.5106301e-002
  7.7300000e+000  4.8406301e-002
  7.7400000e+000  7.7106301e-002
  7.7500000e+000  8.6406301e-002
  7.7600000e+000  7.7106301e-002
  7.7700000e+000  8.9306301e-002
  7.7800000e+000  7.1206301e-002
  7.7900000e+000  5.6206301e-002
  7.8000000e+000  7.1806301e-002
  7.8100000e+000  8.2106301e-002
  7.8200000e+000  8.0506301e-002
  7.8300000e+000  3.5106301e-002
  7.8400000e+000  8.0906301e-002
  7.8500000e+000  9.0106301e-002
  7.8600000e+000  1.1490630e-001
  7.8700000e+000  1.1450630e-001
  7.8800000e+000  1.1050630e-001
  7.8900000e+000  9.1206301e-002
  7.9000000e+000  1.0280630e-001
  7.9100000e+000  1.1020630e-001
  7.9200000e+000  1.0350630e-001
  7.9300000e+000  8.6706301e-002
  7.9400000e+000  1.0690630e-001
  7.9500000e+000  1.0630630e-001
  7.9600000e+000  9.7206301e-002
  7.9700000e+000  1.0150630e-001
  7.9800000e+000  1.2210630e-001
  7.9900000e+000  8.7806301e-002
  8.0000000e+000  7.3106301e-002
  8.0100000e+000  7.1806301e-002
  8.0200000e+000  3.1006301e-002
  8.0300000e+000  8.6206301e-002
  8.0400000e+000  6.9006301e-002
  8.0500000e+000  8.3806301e-002
  8.0600000e+000  9.5606301e-002
  8.0700000e+000  7.8906301e-002
  8.0800000e+000  1.0190630e-001
  8.0900000e+000  8.6006301e-002
  8.1000000e+000  6.4306301e-002
  8.1100000e+000  8.1306301e-002
  8.1200000e+000  8.2806301e-002
  8.1300000e+000  1.0570630e-001
  8.1400000e+000  1.2500630e-001
  8.1500000e+000  2.0590630e-001
  8.1600000e+000  1.4770630e-001
  8.1700000e+000  8.2806301e-002
  8.1800000e+000  9.4006301e-002
  8.1900000e+000  7.9806301e-002
  8.2000000e+000  9.8506301e-002
  8.2100000e+000  9.7406301e-002
  8.2200000e+000  7.8106301e-002
  8.2300000e+000  7.0306301e-002
  8.2400000e+000  1.1340630e-001
  8.2500000e+000  1.4340630e-001
  8.2600000e+000  1.6750630e-001
  8.2700000e+000  7.5206301e-002
  8.2800000e+000  9.4806301e-002
  8.2900000e+000  8.7706301e-002
  8.3000000e+000  7.6706301e-002
  8.3100000e+000  7.0606301e-002
  8.3200000e+000  6.4006301e-002
  8.3300000e+000  7.7706301e-002
  8.3400000e+000  7.4706301e-002
  8.3500000e+000  1.5820630e-001
  8.3600000e+000  1.1500630e-001
  8.3700000e+000  1.9306301e-002
  8.3800000e+000  4.5506301e-002
  8.3900000e+000  6.2106301e-002
  8.4000000e+000  7.7506301e-002
  8.4100000e+000  4.3106301e-002
  8.4200000e+000  5.5406301e-002
  8.4300000e+000  1.9406301e-002
  8.4400000e+000 -7.1893699e-002
  8.4700000e+000 -1.1159370e-001
  8.4800000e+000  1.5006301e-002
  8.4900000e+000  1.0220630e-001
  8.5000000e+000  1.5140630e-001
  8.5100000e+000  5.2606301e-002
  8.5200000e+000  5.6506301e-002
  8.5300000e+000  7.9406301e-002
  8.5400000e+000  5.9206301e-002
  8.5500000e+000  3.4106301e-002
  8.5600000e+000  2.3906301e-002
  8.5700000e+000  5.7506301e-002
  8.5800000e+000  5.1506301e-002
  8.5900000e+000  7.1006301e-002
  8.6000000e+000  5.0906301e-002
  8.6100000e+000  4.9306301e-002
  8.6200000e+000  9.0006301e-002
  8.6300000e+000  1.1970630e-001
  8.6400000e+000  9.7606301e-002
  8.6500000e+000  7.2706301e-002
  8.6600000e+000  8.7906301e-002
  8.6700000e+000  6.1806301e-002
  8.6800000e+000  5.2106301e-002
  8.6900000e+000  5.4106301e-002
  8.7000000e+000  4.8306301e-002
  8.7100000e+000  5.6906301e-002
  8.7200000e+000  7.7506301e-002
  8.7300000e+000  7.5406301e-002
  8.7400000e+000  5.6906301e-002
  8.7500000e+000  5.6806301e-002
  8.7600000e+000  4.9706301e-002
  8.7700000e+000  3.8006301e-002
  8.7800000e+000  4.6006301e-002
  8.7900000e+000  3.9206301e-002
  8.8000000e+000  3.8006301e-002
  8.8100000e+000  3.5406301e-002
  8.8200000e+000  1.4063014e-003
  8.8300000e+000  2.0306301e-002
  8.8400000e+000  1.0220630e-001
  8.8500000e+000  1.6140630e-001
  8.8600000e+000  1.6100630e-001
  8.8700000e+000  1.0960630e-001
  8.8800000e+000  5.0206301e-002
  8.8900000e+000  4.9506301e-002
  8.9000000e+000  3.6006301e-002
  8.9100000e+000  9.0630137e-004
  8.9200000e+000 -8.0936986e-003
  8.9300000e+000  2.4606301e-002
  8.9400000e+000  3.7306301e-002
  8.9500000e+000  5.2006301e-002
  8.9600000e+000  1.1690630e-001
  8.9700000e+000  1.7580630e-001
  8.9800000e+000  1.2490630e-001
  8.9900000e+000  1.1200630e-001
  9.0000000e+000  5.0006301e-002
  9.0100000e+000  6.5506301e-002
  9.0200000e+000  1.8906301e-002
  9.0300000e+000  4.9806301e-002
  9.0400000e+000  4.3006301e-002
  9.0500000e+000  6.1306301e-002
  9.0600000e+000  2.9706301e-002
  9.0700000e+000  5.1606301e-002
  9.0800000e+000  6.1806301e-002
  9.0900000e+000  7.3006301e-002
  9.1000000e+000  7.1106301e-002
  9.1100000e+000  6.5206301e-002
  9.1200000e+000  7.1206301e-002
  9.1300000e+000  7.2006301e-002
  9.1400000e+000  6.0006301e-002
  9.1500000e+000  5.5606301e-002
  9.1600000e+000  3.1006301e-002
  9.1700000e+000  5.2306301e-002
  9.1800000e+000  4.6206301e-002
  9.1900000e+000  4.0906301e-002
  9.2000000e+000  5.6906301e-002
  9.2100000e+000  6.1606301e-002
  9.2200000e+000  6.5806301e-002
  9.2300000e+000  5.1006301e-002
  9.2400000e+000  5.0506301e-002
  9.2500000e+000  4.1706301e-002
  9.2600000e+000  6.8306301e-002
  9.2700000e+000  1.0830630e-001
  9.2800000e+000  1.1100630e-001
  9.2900000e+000  2.2930630e-001
  9.3000000e+000  2.4400630e-001
  9.3100000e+000  1.9270630e-001
  9.3200000e+000  1.3700630e-001
  9.3300000e+000  1.3860630e-001
  9.3400000e+000  1.3850630e-001
  9.3500000e+000  1.0510630e-001
  9.3600000e+000  1.1920630e-001
  9.3700000e+000  1.1370630e-001
  9.3800000e+000  8.1706301e-002
  9.3900000e+000  1.4170630e-001
  9.4000000e+000  9.7306301e-002
  9.4100000e+000  1.2180630e-001
  9.4200000e+000  1.4710630e-001
  9.4300000e+000  1.6040630e-001
  9.4400000e+000  1.8870630e-001
  9.4500000e+000  1.8380630e-001
  9.4600000e+000  1.9380630e-001
  9.4700000e+000  1.4390630e-001
  9.4800000e+000  1.3840630e-001
  9.4900000e+000  1.4700630e-001
  9.5000000e+000  1.1920630e-001
  9.5100000e+000  1.0420630e-001
  9.5200000e+000  1.5480630e-001
  9.5300000e+000  1.1860630e-001
  9.5400000e+000  1.0690630e-001
  9.5500000e+000  1.0400630e-001
  9.5600000e+000  9.4706301e-002
  9.5700000e+000  1.3170630e-001
  9.5800000e+000  1.4430630e-001
  9.5900000e+000  1.4630630e-001
  9.6000000e+000  1.3730630e-001
  9.6100000e+000  1.3880630e-001
  9.6200000e+000  1.4140630e-001
  9.6300000e+000  1.2370630e-001
  9.6400000e+000  1.0970630e-001
  9.6500000e+000  1.1960630e-001
  9.6600000e+000  1.4530630e-001
  9.6700000e+000 -3.2593699e-002
  9.6800000e+000  1.3590630e-001
  9.6900000e+000  1.1200630e-001
  9.7000000e+000  1.3550630e-001
  9.7100000e+000  9.2306301e-002
  9.7200000e+000  1.2810630e-001
  9.7300000e+000  9.9106301e-002
  9.7400000e+000  8.9906301e-002
  9.7500000e+000  1.0400630e-001
  9.7600000e+000  9.1406301e-002
  9.7700000e+000  1.2560630e-001
  9.7800000e+000  8.9906301e-002
  9.7900000e+000  1.0840630e-001
  9.8000000e+000  1.1260630e-001
  9.8100000e+000  8.1806301e-002
  9.8200000e+000  3.0106301e-002
  9.8300000e+000  6.4306301e-002
  9.8400000e+000  8.7406301e-002
  9.8500000e+000  9.9106301e-002
  9.8600000e+000  1.2050630e-001
  9.8700000e+000 -2.3893699e-002
  9.8800000e+000  7.2063014e-003
  9.8900000e+000  3.2206301e-002
  9.9000000e+000  8.8706301e-002
  9.9100000e+000  4.2906301e-002
  9.9200000e+000  6.6006301e-002
  9.9300000e+000  1.0810630e-001
  9.9400000e+000  9.4006301e-002
  9.9500000e+000  1.1640630e-001
  9.9600000e+000  7.8506301e-002
  1.0010000e+001  5.0606301e-002
  1.0020000e+001  5.0806301e-002
  1.0030000e+001  4.2806301e-002
  1.0040000e+001  5.2206301e-002
  1.0050000e+001  5.0606301e-002
  1.0060000e+001  8.9606301e-002
  1.0070000e+001  4.0006301e-002
  1.0080000e+001  6.3906301e-002
  1.0090000e+001  6.1106301e-002
  1.0100000e+001  4.5806301e-002
  1.0110000e+001  4.9606301e-002
  1.0120000e+001 -1.1793699e-002
  1.0130000e+001  4.1306301e-002
  1.0140000e+001  6.9106301e-002
  1.0150000e+001  4.5306301e-002
  1.0160000e+001  3.4606301e-002
  1.0170000e+001  4.0606301e-002
  1.0180000e+001 -4.2936986e-003
  1.0190000e+001  5.1406301e-002
  1.0200000e+001  4.3406301e-002
  1.0210000e+001  1.1206301e-002
  1.0220000e+001  2.7063014e-003
  1.0230000e+001  5.7406301e-002
  1.0240000e+001 -3.1893699e-002
  1.0250000e+001  6.1606301e-002
  1.0260000e+001  8.9406301e-002
  1.0270000e+001  1.6870630e-001
  1.0280000e+001  1.4590630e-001
  1.0290000e+001  1.6120630e-001
  1.0300000e+001  1.1380630e-001
  1.0310000e+001  2.9506301e-002
  1.0320000e+001  2.5806301e-002
  1.0330000e+001  8.6106301e-002
  1.0340000e+001  2.8406301e-002
  1.0350000e+001  3.6506301e-002
  1.0360000e+001  1.1106301e-002
  1.0370000e+001  3.8906301e-002
  1.0380000e+001  4.2606301e-002
  1.0390000e+001  1.2063014e-003
  1.0400000e+001  3.1606301e-002
  1.0410000e+001  3.3606301e-002
  1.0420000e+001  1.5206301e-002
  1.0430000e+001  1.1706301e-002
  1.0440000e+001  4.2706301e-002
  1.0450000e+001  5.6506301e-002
  1.0460000e+001  9.4906301e-002
  1.0470000e+001  9.9506301e-002
  1.0480000e+001  9.2706301e-002
  1.0490000e+001  7.4606301e-002
  1.0500000e+001  8.8206301e-002
  1.0510000e+001  5.1906301e-002
  1.0520000e+001  1.1700630e-001
  1.0530000e+001  9.2306301e-002
  1.0540000e+001  4.5006301e-002
  1.0550000e+001  6.5906301e-002
  1.0560000e+001  7.2806301e-002
  1.0570000e+001  6.9606301e-002
  1.0580000e+001  7.4606301e-002
  1.0590000e+001  1.0360630e-001
  1.0600000e+001  1.0370630e-001
  1.0610000e+001  7.1106301e-002
  1.0620000e+001  8.2206301e-002
  1.0630000e+001  7.4106301e-002
  1.0640000e+001  9.1006301e-002
  1.0650000e+001  6.2306301e-002
  1.0660000e+001  8.0706301e-002
  1.0670000e+001  4.2106301e-002
  1.0680000e+001  6.1506301e-002
  1.0690000e+001  6.1406301e-002
  1.0700000e+001  4.3506301e-002
  1.0710000e+001  7.9706301e-002
  1.0720000e+001  5.8906301e-002
  1.0730000e+001  4.3306301e-002
  1.0740000e+001  9.9406301e-002
  1.0750000e+001  9.9606301e-002
  1.0760000e+001  1.2710630e-001
  1.0770000e+001  1.4670630e-001
  1.0780000e+001  1.3850630e-001
  1.0790000e+001  1.6310630e-001
  1.0800000e+001  1.3210630e-001
  1.0810000e+001  1.2180630e-001
  1.0820000e+001  1.2750630e-001
  1.0830000e+001  1.3780630e-001
  1.0840000e+001  1.4810630e-001
  1.0850000e+001  1.7590630e-001
  1.0860000e+001  1.5330630e-001
  1.0870000e+001  1.3580630e-001
  1.0880000e+001  1.5140630e-001
  1.0890000e+001  1.4050630e-001
  1.0900000e+001  1.6020630e-001
  1.0910000e+001  1.4110630e-001
  1.0920000e+001  1.4700630e-001
  1.0930000e+001  1.3350630e-001
  1.0940000e+001  1.6460630e-001
  1.0950000e+001  1.6940630e-001
  1.0960000e+001  1.6590630e-001
  1.0970000e+001  1.5450630e-001
  1.0980000e+001  1.6130630e-001
  1.0990000e+001  1.2430630e-001
  1.1000000e+001  9.3706301e-002
  1.1010000e+001  8.6406301e-002
  1.1020000e+001  8.7806301e-002
  1.1030000e+001  3.5706301e-002
  1.1040000e+001 -5.6993699e-002
  1.1050000e+001  2.1906301e-002
  1.1060000e+001  7.5706301e-002
  1.1070000e+001  8.0606301e-002
  1.1080000e+001 -2.4593699e-002
  1.1090000e+001 -1.0593699e-002
  1.1100000e+001  1.7606301e-002
  1.1110000e+001  7.7206301e-002
  1.1120000e+001  7.8606301e-002
  1.1130000e+001 -5.2793699e-002
  1.1140000e+001  4.4306301e-002
  1.1150000e+001  3.5606301e-002
  1.1160000e+001  4.2106301e-002
  1.1170000e+001 -2.8936986e-003
  1.1180000e+001  1.8906301e-002
  1.1190000e+001  9.6006301e-002
  1.1200000e+001  7.0606301e-002
  1.1210000e+001  5.8806301e-002
  1.1220000e+001  1.9706301e-002
  1.1230000e+001  4.6806301e-002
  1.1240000e+001  7.8406301e-002
  1.1250000e+001  9.5006301e-002
  1.1260000e+001  7.6406301e-002
  1.1270000e+001  8.1606301e-002
  1.1330000e+001 -2.9219370e-001
  1.1340000e+001 -3.0099370e-001
  1.1350000e+001 -2.7719370e-001
  1.1360000e+001 -1.1499370e-001
  1.1370000e+001 -7.0493699e-002
  1.1380000e+001 -1.1369370e-001
  1.1390000e+001 -5.2693699e-002
  1.1400000e+001 -2.1939370e-001
  1.1410000e+001 -2.5959370e-001
  1.1420000e+001 -1.8599370e-001
  1.1430000e+001 -1.6769370e-001
  1.1440000e+001 -1.4319370e-001
  1.1480000e+001 -3.0459370e-001
  1.1500000e+001 -2.3959370e-001
  1.1510000e+001 -2.5829370e-001
