0.02	1.4629
0.03	1.4973
0.04	1.4577
0.05	1.4734
0.06	1.5056
0.07	1.4587
0.08	1.4504
0.09	1.4586
0.1	1.4549
0.11	1.4612
0.12	1.4486
0.13	1.5115
0.14	1.5818
0.15	1.6139
0.16	1.6378
0.17	1.663
0.18	1.6604
0.19	1.4502
0.2	1.4138
0.21	1.4308
0.22	1.5092
0.23	1.5367
0.24	1.5499
0.25	1.5189
0.26	1.5317
0.27	1.4905
0.28	1.4953
0.29	1.4599
0.3	1.4368
0.31	1.4581
0.32	1.476
0.33	1.4546
0.34	1.4186
0.35	1.4208
0.36	1.4021
0.37	1.397
0.38	1.516
0.39	1.6647
0.4	1.5587
0.41	1.4323
0.42	1.4327
0.43	1.5367
0.44	1.4906
0.45	1.4764
0.46	1.4906
0.47	1.6019
0.48	1.4536
0.49	1.5587
0.5	1.5273
0.51	1.6026
0.52	1.6251
0.53	1.5949
0.54	1.5349
0.55	1.4837
0.56	1.4782
0.57	1.4658
0.58	1.4581
0.59	1.4401
0.6	1.4573
0.61	1.5317
0.62	1.4984
0.63	1.5335
0.64	1.4812
0.65	1.4814
0.66	1.4504
0.67	1.4664
0.68	1.4588
0.69	1.4722
0.7	1.6277
0.71	1.651
0.72	1.6273
0.73	1.4803
0.74	1.4741
0.75	1.4254
0.76	1.3574
0.77	1.2844
0.78	1.3013
0.79	1.4078
0.8	1.3665
0.81	1.3233
0.82	1.3524
0.83	1.3366
0.84	1.2179
0.87	1.3365
0.88	1.341
0.89	1.3725
0.9	1.386
0.91	1.4315
0.92	1.5135
0.93	1.5485
0.94	1.4415
0.95	1.4486
0.96	1.4584
0.97	1.4392
0.98	1.4765
0.99	1.4936
1	1.4886
1.01	1.4824
1.02	1.4859
1.03	1.5189
1.04	1.4973
1.05	1.4755
1.06	1.4374
1.07	1.4537
1.08	1.4492
1.09	1.5075
1.1	1.4934
1.11	1.4686
1.12	1.6108
1.13	1.6632
1.14	1.6689
1.15	1.6762
1.16	1.6806
1.17	1.6755
1.18	1.6626
1.19	1.7239
1.2	1.7492
1.21	1.5144
1.22	1.4838
1.23	1.4983
1.24	1.4962
1.25	1.5
1.26	1.5372
1.27	1.5037
1.28	1.4894
1.29	1.5174
1.3	1.5878
1.31	1.6336
1.32	1.6508
1.33	1.6989
1.34	1.7444
1.35	1.4533
1.36	1.4158
1.37	1.4303
1.38	1.4499
1.39	1.4569
1.4	1.4939
1.41	1.4561
1.42	1.498
1.43	1.6077
1.44	1.6445
1.45	1.6874
1.46	1.7418
1.47	1.4919
1.48	1.4599
1.49	1.5077
1.5	1.5205
1.51	1.5233
1.52	1.5248
1.53	1.5372
1.54	1.5221
1.55	1.5042
1.56	1.4925
1.57	1.5311
1.58	1.5038
1.59	1.4642
1.6	1.4516
1.61	1.4802
1.62	1.4686
1.63	1.6072
1.64	1.6365
1.65	1.4827
1.66	1.4923
1.67	1.4887
1.68	1.4863
1.69	1.4688
1.7	1.4388
1.71	1.4698
1.72	1.5046
1.73	1.5181
1.74	1.505
1.75	1.48
1.76	1.6144
1.77	1.5254
1.78	1.4392
1.79	1.556
1.8	1.5388
1.81	1.4486
1.82	1.4672
1.83	1.4744
1.84	1.4381
1.85	1.4196
1.86	1.4773
1.87	1.4655
1.88	1.5261
1.89	1.6095
1.9	1.5102
1.91	1.6417
1.92	1.6629
1.93	1.692
1.94	1.7519
1.95	1.7142
1.96	1.4764
1.97	1.4952
1.98	1.4875
1.99	1.4722
2	1.4827
2.01	1.4925
2.02	1.5016
2.03	1.4858
2.04	1.4521
2.05	1.4701
2.06	1.4851
2.07	1.4934
2.08	1.489
2.09	1.5064
2.1	1.5043
2.11	1.5171
2.12	1.5333
2.13	1.5154
2.14	1.4831
2.15	1.5278
2.16	1.5168
2.17	1.5274
2.18	1.5583
2.19	1.5182
2.2	1.5254
2.21	1.5528
2.22	1.6955
2.23	1.6953
2.24	1.7043
2.25	1.527
2.26	1.5355
2.27	1.5409
2.28	1.6121
2.29	1.5367
2.3	1.4933
2.31	1.5261
2.32	1.5053
2.33	1.4782
2.34	1.4613
2.35	1.4545
2.36	1.3943
2.38	1.3619
2.39	1.4354
2.4	1.5071
2.41	1.5195
2.42	1.5203
2.43	1.5032
2.44	1.5888
2.45	1.5623
2.46	1.5573
2.47	1.5704
2.48	1.5606
2.49	1.5521
2.5	1.5666
2.51	1.4897
2.52	1.5179
2.53	1.5412
2.54	1.5116
2.55	1.5659
2.56	1.5934
2.57	1.6669
2.58	1.6613
2.59	1.669
2.6	1.7012
2.61	1.7589
2.62	1.6841
2.63	1.6465
2.64	1.6328
2.65	1.4944
2.66	1.599
2.67	1.4408
2.68	1.5017
2.69	1.4915
2.7	1.4662
2.71	1.4206
2.72	1.5151
2.73	1.5141
2.74	1.499
2.75	1.6195
2.76	1.6604
2.77	1.628
2.78	1.6527
2.79	1.5982
2.8	1.6286
2.81	1.6491
2.82	1.5851
2.83	1.4275
2.84	1.4229
2.85	1.4348
2.86	1.4057
2.87	1.4985
2.88	1.436
2.89	1.4175
2.9	1.4208
2.91	1.5192
2.92	1.4861
2.93	1.4552
2.94	1.4784
2.95	1.4773
2.96	1.4652
2.97	1.477
2.98	1.4905
2.99	1.5694
3	1.5625
3.01	1.5229
3.02	1.4973
3.03	1.4443
3.04	1.4374
3.05	1.4899
3.06	1.5034
3.07	1.4942
3.08	1.5034
3.09	1.5162
3.1	1.516
3.11	1.48
3.12	1.5737
3.13	1.6449
3.14	1.6733
3.15	1.601
3.16	1.6151
3.17	1.6273
3.18	1.6256
3.19	1.6475
3.2	1.6295
3.21	1.4129
3.22	1.4492
3.23	1.4213
3.24	1.4516
3.25	1.4548
3.26	1.4355
3.27	1.5003
3.28	1.4572
3.29	1.4127
3.3	1.5857
3.31	1.5871
3.32	1.5587
3.33	1.5167
3.34	1.5286
3.35	1.4343
3.36	1.4259
3.37	1.3798
3.38	1.5263
3.39	1.5486
3.4	1.4269
3.41	1.4041
3.42	1.5488
3.43	1.5162
3.44	1.4706
3.45	1.4003
3.46	1.4573
3.47	1.5339
3.48	1.4864
3.49	1.5117
3.5	1.2887
3.51	1.4434
3.52	1.4744
3.53	1.5083
3.54	1.5704
3.55	1.5736
3.56	1.6629
3.57	1.4787
3.58	1.3885
3.6	1.3889
3.61	1.4189
3.62	1.4847
3.63	1.3964
3.67	1.406
3.68	1.4409
3.69	1.484
3.7	1.3884
3.71	1.4924
3.72	1.4268
3.73	1.4621
3.74	1.4033
3.75	1.4922
3.76	1.3945
3.77	1.2664
3.78	1.3836
3.79	1.3804
3.8	1.3709
3.81	1.2884
3.82	1.4585
3.83	1.2709
3.84	1.4429
3.85	1.335
3.86	1.4228
3.87	1.4444
3.88	1.2603
3.9	1.4758
3.91	1.3992
3.94	1.4583
3.95	1.3468
3.96	1.3162
3.97	1.419
3.98	1.3903
3.99	1.3658
4.01	1.342
4.02	1.4145
4.04	1.4492
4.05	1.3608
4.06	1.4288
4.07	1.4522
4.08	1.4534
4.09	1.5168
4.1	1.5227
4.11	1.3805
4.12	1.4896
4.14	1.5388
4.15	1.466
4.16	1.4752
4.17	1.4289
4.18	1.4934
4.19	1.4428
4.2	1.4665
4.21	1.3892
4.22	1.4054
4.23	1.4266
4.24	1.4254
4.26	1.3269
4.27	1.4006
4.28	1.3273
4.29	1.434
4.3	1.4376
4.31	1.4802
4.32	1.4393
4.33	1.4808
4.34	1.4666
4.35	1.2737
4.36	1.4872
4.37	1.2256
4.38	1.5006
4.39	1.2806
4.4	1.4568
4.41	1.3463
4.42	1.4334
4.43	1.4267
4.44	1.4976
4.45	1.5322
4.46	1.5845
4.47	1.6184
4.48	1.5787
4.49	1.5515
4.5	1.6128
4.51	1.6156
4.52	1.6798
4.53	1.638
4.54	1.3751
4.55	1.5514
4.56	1.514
4.57	1.5677
4.58	1.524
4.59	1.5514
4.6	1.567
4.61	1.4141
4.62	1.3948
4.63	1.4253
4.64	1.4131
4.65	1.4356
4.66	1.4162
4.67	1.4549
4.68	1.4697
4.69	1.3379
4.7	1.3924
4.71	1.4923
4.72	1.5269
4.73	1.4548
4.74	1.4016
4.75	1.3947
4.76	1.4179
4.77	1.3803
4.78	1.4378
4.79	1.4222
4.8	1.4654
4.81	1.4424
4.82	1.4304
4.83	1.4763
4.84	1.3809
4.85	1.4059
4.86	1.3991
4.87	1.4563
4.88	1.4244
4.89	1.4414
4.9	1.4574
4.91	1.472
4.92	1.4938
4.93	1.4768
4.94	1.4878
4.95	1.3399
4.96	1.3813
4.97	1.5148
4.98	1.4111
4.99	1.3876
5	1.424
5.01	1.4441
5.02	1.4579
5.03	1.447
5.04	1.5087
5.05	1.4793
5.06	1.4807
5.07	1.4279
5.08	1.4552
5.09	1.4503
5.1	1.3877
5.11	1.4212
5.12	1.4753
5.13	1.3947
5.14	1.4019
5.15	1.4879
5.16	1.4322
5.17	1.3792
5.18	1.4375
5.19	1.4225
5.2	1.469
5.21	1.4971
5.22	1.5023
5.23	1.541
5.24	1.5147
5.25	1.5307
5.26	1.4609
5.27	1.4023
5.28	1.2062
5.29	1.4847
5.3	1.5094
5.31	1.5334
5.32	1.5519
5.33	1.456
5.34	1.5371
5.35	1.5286
5.36	1.453
5.37	1.4862
5.38	1.5337
5.39	1.5988
5.4	1.5505
5.41	1.5133
5.42	1.2672
5.43	1.4257
5.49	1.4285
5.5	1.2961
5.51	1.2945
5.52	1.4873
5.53	1.3583
5.56	1.4226
5.57	1.2103
5.59	1.4341
5.63	1.4267
5.66	1.2228
5.69	1.4538
5.7	1.4539
5.71	1.3712
5.72	1.5027
5.73	1.3184
5.74	1.4267
5.75	1.4726
5.76	1.4637
5.77	1.494
5.78	1.4442
5.79	1.3586
5.8	1.5199
5.81	1.5614
5.82	1.4857
5.83	1.4976
5.84	1.447
5.85	1.3667
5.86	1.4691
5.87	1.4707
5.88	1.4938
5.89	1.4052
5.9	1.4241
5.91	1.457
5.92	1.4684
5.93	1.4387
5.94	1.4562
5.95	1.5022
5.96	1.5117
5.97	1.4445
5.98	1.5914
5.99	1.4216
6	1.3215
6.01	1.3886
6.02	1.5221
6.03	1.444
6.04	1.507
6.05	1.5809
6.06	1.4674
6.07	1.5045
6.08	1.5523
6.09	1.6266
6.1	1.5529
6.11	1.651
6.2	1.5463
6.21	1.5219
6.24	1.4194
6.25	1.5756
6.26	1.5893
6.27	1.5785
6.28	1.5408
6.29	1.4682
6.3	1.5634
6.31	1.6034
6.32	1.5389
6.33	1.5643
6.34	1.462
6.35	1.5871
6.36	1.5396
6.37	1.6117
6.38	1.6568
6.39	1.5856
6.4	1.6362
6.41	1.6641
6.42	1.6991
6.43	1.6586
6.44	1.6522
6.45	1.6473
6.46	1.6369
6.47	1.6418
6.48	1.6183
6.49	1.6163
6.5	1.6088
6.51	1.627
6.52	1.63
6.53	1.624
6.54	1.6188
6.55	1.6993
6.56	1.7683
6.57	1.7336
6.58	1.718
6.59	1.6482
6.6	1.6574
6.61	1.7015
6.62	1.7384
6.63	1.7319
6.64	1.7719
6.65	1.729
6.66	1.6792
6.67	1.6295
6.68	1.648
6.69	1.6281
6.7	1.6109
6.71	1.6399
6.72	1.7026
6.73	1.7925
6.74	1.7573
6.75	1.7549
6.76	1.7516
6.77	1.7999
6.78	1.8189
6.79	1.9946
6.8	1.7428
6.81	1.6559
6.82	1.6565
6.83	1.6666
6.84	1.6529
6.85	1.6216
6.86	1.6076
6.87	1.6004
6.88	1.6281
6.89	1.6176
6.9	1.65
6.91	1.6582
6.92	1.6734
6.93	1.5676
6.94	1.5581
6.96	1.5234
6.97	1.6099
6.98	1.5873
6.99	1.6287
7	1.6447
7.01	1.6566
7.02	1.6329
7.03	1.6203
7.04	1.644
7.05	1.6315
7.06	1.627
7.07	1.6471
7.08	1.6224
7.09	1.6301
7.1	1.6284
7.11	1.6567
7.12	1.6752
7.13	1.6435
7.14	1.6386
7.15	1.6231
7.16	1.6036
7.17	1.635
7.18	1.6585
7.19	1.6429
7.2	1.672
7.21	1.691
7.22	1.6682
7.23	1.6835
7.24	1.6449
7.25	1.7311
7.26	1.7688
7.27	1.7699
7.28	1.6904
7.29	1.6131
7.3	1.6436
7.31	1.6384
7.32	1.6256
7.33	1.6305
7.34	1.6208
7.35	1.6008
7.36	1.6419
7.37	1.6212
7.38	1.6418
7.39	1.6724
7.4	1.665
7.41	1.6397
7.42	1.6584
7.43	1.6362
7.44	1.6994
7.45	1.7166
7.46	1.7196
7.47	1.6525
7.48	1.6587
7.49	1.6546
7.5	1.6546
7.51	1.6424
7.52	1.651
7.53	1.638
7.54	1.6242
7.55	1.6362
7.56	1.7042
7.57	1.6699
7.58	1.6377
7.59	1.6295
7.6	1.6332
7.61	1.66
7.62	1.6458
7.63	1.6347
7.64	1.6444
7.65	1.6378
7.66	1.6392
7.67	1.6242
7.68	1.6071
7.69	1.6969
7.7	1.6709
7.71	1.6275
7.72	1.6196
7.73	1.6029
7.74	1.6316
7.75	1.6409
7.76	1.6316
7.77	1.6438
7.78	1.6257
7.79	1.6107
7.8	1.6263
7.81	1.6366
7.82	1.635
7.83	1.5896
7.84	1.6354
7.85	1.6446
7.86	1.6694
7.87	1.669
7.88	1.665
7.89	1.6457
7.9	1.6573
7.91	1.6647
7.92	1.658
7.93	1.6412
7.94	1.6614
7.95	1.6608
7.96	1.6517
7.97	1.656
7.98	1.6766
7.99	1.6423
8	1.6276
8.01	1.6263
8.02	1.5855
8.03	1.6407
8.04	1.6235
8.05	1.6383
8.06	1.6501
8.07	1.6334
8.08	1.6564
8.09	1.6405
8.1	1.6188
8.11	1.6358
8.12	1.6373
8.13	1.6602
8.14	1.6795
8.15	1.7604
8.16	1.7022
8.17	1.6373
8.18	1.6485
8.19	1.6343
8.2	1.653
8.21	1.6519
8.22	1.6326
8.23	1.6248
8.24	1.6679
8.25	1.6979
8.26	1.722
8.27	1.6297
8.28	1.6493
8.29	1.6422
8.3	1.6312
8.31	1.6251
8.32	1.6185
8.33	1.6322
8.34	1.6292
8.35	1.7127
8.36	1.6695
8.37	1.5738
8.38	1.6
8.39	1.6166
8.4	1.632
8.41	1.5976
8.42	1.6099
8.43	1.5739
8.44	1.4826
8.47	1.4429
8.48	1.5695
8.49	1.6567
8.5	1.7059
8.51	1.6071
8.52	1.611
8.53	1.6339
8.54	1.6137
8.55	1.5886
8.56	1.5784
8.57	1.612
8.58	1.606
8.59	1.6255
8.6	1.6054
8.61	1.6038
8.62	1.6445
8.63	1.6742
8.64	1.6521
8.65	1.6272
8.66	1.6424
8.67	1.6163
8.68	1.6066
8.69	1.6086
8.7	1.6028
8.71	1.6114
8.72	1.632
8.73	1.6299
8.74	1.6114
8.75	1.6113
8.76	1.6042
8.77	1.5925
8.78	1.6005
8.79	1.5937
8.8	1.5925
8.81	1.5899
8.82	1.5559
8.83	1.5748
8.84	1.6567
8.85	1.7159
8.86	1.7155
8.87	1.6641
8.88	1.6047
8.89	1.604
8.9	1.5905
8.91	1.5554
8.92	1.5464
8.93	1.5791
8.94	1.5918
8.95	1.6065
8.96	1.6714
8.97	1.7303
8.98	1.6794
8.99	1.6665
9	1.6045
9.01	1.62
9.02	1.5734
9.03	1.6043
9.04	1.5975
9.05	1.6158
9.06	1.5842
9.07	1.6061
9.08	1.6163
9.09	1.6275
9.1	1.6256
9.11	1.6197
9.12	1.6257
9.13	1.6265
9.14	1.6145
9.15	1.6101
9.16	1.5855
9.17	1.6068
9.18	1.6007
9.19	1.5954
9.2	1.6114
9.21	1.6161
9.22	1.6203
9.23	1.6055
9.24	1.605
9.25	1.5962
9.26	1.6228
9.27	1.6628
9.28	1.6655
9.29	1.7838
9.3	1.7985
9.31	1.7472
9.32	1.6915
9.33	1.6931
9.34	1.693
9.35	1.6596
9.36	1.6737
9.37	1.6682
9.38	1.6362
9.39	1.6962
9.4	1.6518
9.41	1.6763
9.42	1.7016
9.43	1.7149
9.44	1.7432
9.45	1.7383
9.46	1.7483
9.47	1.6984
9.48	1.6929
9.49	1.7015
9.5	1.6737
9.51	1.6587
9.52	1.7093
9.53	1.6731
9.54	1.6614
9.55	1.6585
9.56	1.6492
9.57	1.6862
9.58	1.6988
9.59	1.7008
9.6	1.6918
9.61	1.6933
9.62	1.6959
9.63	1.6782
9.64	1.6642
9.65	1.6741
9.66	1.6998
9.67	1.5219
9.68	1.6904
9.69	1.6665
9.7	1.69
9.71	1.6468
9.72	1.6826
9.73	1.6536
9.74	1.6444
9.75	1.6585
9.76	1.6459
9.77	1.6801
9.78	1.6444
9.79	1.6629
9.8	1.6671
9.81	1.6363
9.82	1.5846
9.83	1.6188
9.84	1.6419
9.85	1.6536
9.86	1.675
9.87	1.5306
9.88	1.5617
9.89	1.5867
9.9	1.6432
9.91	1.5974
9.92	1.6205
9.93	1.6626
9.94	1.6485
9.95	1.6709
9.96	1.633
10.01	1.6051
10.02	1.6053
10.03	1.5973
10.04	1.6067
10.05	1.6051
10.06	1.6441
10.07	1.5945
10.08	1.6184
10.09	1.6156
10.1	1.6003
10.11	1.6041
10.12	1.5427
10.13	1.5958
10.14	1.6236
10.15	1.5998
10.16	1.5891
10.17	1.5951
10.18	1.5502
10.19	1.6059
10.2	1.5979
10.21	1.5657
10.22	1.5572
10.23	1.6119
10.24	1.5226
10.25	1.6161
10.26	1.6439
10.27	1.7232
10.28	1.7004
10.29	1.7157
10.3	1.6683
10.31	1.584
10.32	1.5803
10.33	1.6406
10.34	1.5829
10.35	1.591
10.36	1.5656
10.37	1.5934
10.38	1.5971
10.39	1.5557
10.4	1.5861
10.41	1.5881
10.42	1.5697
10.43	1.5662
10.44	1.5972
10.45	1.611
10.46	1.6494
10.47	1.654
10.48	1.6472
10.49	1.6291
10.5	1.6427
10.51	1.6064
10.52	1.6715
10.53	1.6468
10.54	1.5995
10.55	1.6204
10.56	1.6273
10.57	1.6241
10.58	1.6291
10.59	1.6581
10.6	1.6582
10.61	1.6256
10.62	1.6367
10.63	1.6286
10.64	1.6455
10.65	1.6168
10.66	1.6352
10.67	1.5966
10.68	1.616
10.69	1.6159
10.7	1.598
10.71	1.6342
10.72	1.6134
10.73	1.5978
10.74	1.6539
10.75	1.6541
10.76	1.6816
10.77	1.7012
10.78	1.693
10.79	1.7176
10.8	1.6866
10.81	1.6763
10.82	1.682
10.83	1.6923
10.84	1.7026
10.85	1.7304
10.86	1.7078
10.87	1.6903
10.88	1.7059
10.89	1.695
10.9	1.7147
10.91	1.6956
10.92	1.7015
10.93	1.688
10.94	1.7191
10.95	1.7239
10.96	1.7204
10.97	1.709
10.98	1.7158
10.99	1.6788
11	1.6482
11.01	1.6409
11.02	1.6423
11.03	1.5902
11.04	1.4975
11.05	1.5764
11.06	1.6302
11.07	1.6351
11.08	1.5299
11.09	1.5439
11.1	1.5721
11.11	1.6317
11.12	1.6331
11.13	1.5017
11.14	1.5988
11.15	1.5901
11.16	1.5966
11.17	1.5516
11.18	1.5734
11.19	1.6505
11.2	1.6251
11.21	1.6133
11.22	1.5742
11.23	1.6013
11.24	1.6329
11.25	1.6495
11.26	1.6309
11.27	1.6361
11.33	1.2623
11.34	1.2535
11.35	1.2773
11.36	1.4395
11.37	1.484
11.38	1.4408
11.39	1.5018
11.4	1.3351
11.41	1.2949
11.42	1.3685
11.43	1.3868
11.44	1.4113
11.48	1.2499
11.5	1.3149
11.51	1.2962
