  1.0000000e+000  5.0000000e-002  2.4440000e+001
  1.0000000e+000  1.0000000e-001  2.3930000e+001
  1.0000000e+000  1.5000000e-001  2.3280000e+001
  1.0000000e+000  2.0000000e-001  2.1980000e+001
  1.0000000e+000  2.5000000e-001  2.1560000e+001
  1.0000000e+000  3.0000000e-001  1.8620000e+001
  1.0000000e+000  3.5000000e-001  2.1120000e+001
  1.0000000e+000  4.0000000e-001  2.0380000e+001
  1.0000000e+000  4.5000000e-001  2.1140000e+001
  1.0000000e+000  5.0000000e-001  1.9410000e+001
  1.0000000e+000  5.5000000e-001  2.2590000e+001
  1.0000000e+000  6.0000000e-001  2.1420000e+001
  1.0000000e+000  6.5000000e-001  2.0560000e+001
  1.0000000e+000  7.0000000e-001  2.1060000e+001
  1.0000000e+000  7.5000000e-001  2.1010000e+001
  1.0000000e+000  8.0000000e-001  2.0590000e+001
  1.0000000e+000  8.5000000e-001  2.0130000e+001
  1.0000000e+000  9.0000000e-001  2.1030000e+001
  1.0000000e+000  9.5000000e-001  1.9690000e+001
  1.0000000e+000  1.0000000e+000  2.2050000e+001
  1.0000000e+000  1.0500000e+000  2.2600000e+001
  1.0000000e+000  1.1000000e+000  2.1370000e+001
  1.0000000e+000  1.1500000e+000  2.2240000e+001
  1.0000000e+000  1.2000000e+000  2.1860000e+001
  1.0000000e+000  1.2500000e+000  2.1700000e+001
  1.0000000e+000  1.3000000e+000  2.2030000e+001
  1.0000000e+000  1.3500000e+000  2.3200000e+001
  1.0000000e+000  1.4000000e+000  2.1270000e+001
  1.0000000e+000  1.4500000e+000  2.0020000e+001
  1.0000000e+000  1.5500000e+000  2.1430000e+001
  1.0000000e+000  1.6000000e+000  2.1330000e+001
  1.0000000e+000  1.6500000e+000  2.0350000e+001
  1.0000000e+000  1.7000000e+000  2.0160000e+001
  1.0000000e+000  1.7500000e+000  2.0360000e+001
  1.0000000e+000  1.8000000e+000  1.9650000e+001
  1.0000000e+000  1.8500000e+000  2.0340000e+001
  1.0000000e+000  1.9000000e+000  2.1830000e+001
  1.0000000e+000  1.9500000e+000  2.1630000e+001
  1.0000000e+000  2.0000000e+000  1.7340000e+001
  1.0000000e+000  2.0500000e+000  1.9590000e+001
  1.0000000e+000  2.1000000e+000  1.9170000e+001
  1.0000000e+000  2.1500000e+000  2.0050000e+001
  1.0000000e+000  2.2000000e+000  2.1600000e+001
  1.0000000e+000  2.2500000e+000  2.0860000e+001
  1.0000000e+000  2.3000000e+000  2.0400000e+001
  1.0000000e+000  2.3500000e+000  2.1140000e+001
  1.0000000e+000  2.4000000e+000  2.1260000e+001
  1.0000000e+000  2.4500000e+000  2.2570000e+001
  1.0000000e+000  2.5000000e+000  2.2190000e+001
  1.0000000e+000  2.5500000e+000  2.0500000e+001
  1.0000000e+000  2.6000000e+000  2.1010000e+001
  1.0000000e+000  2.6500000e+000  2.1530000e+001
  1.0000000e+000  2.7000000e+000  2.0980000e+001
  1.0000000e+000  2.7500000e+000  2.2520000e+001
  1.0000000e+000  2.8000000e+000  2.2480000e+001
  1.0000000e+000  2.8500000e+000  2.1980000e+001
  1.0000000e+000  2.9000000e+000  2.1060000e+001
  1.0000000e+000  2.9500000e+000  1.9610000e+001
  1.0000000e+000  3.0500000e+000  1.9300000e+001
  1.0000000e+000  3.1000000e+000  2.0980000e+001
  1.0000000e+000  3.1500000e+000  2.0100000e+001
  1.0000000e+000  3.2000000e+000  1.9990000e+001
  1.0000000e+000  3.2500000e+000  2.0320000e+001
  1.0000000e+000  3.3000000e+000  2.0540000e+001
  1.0000000e+000  3.3500000e+000  2.0380000e+001
  1.0000000e+000  3.4000000e+000  2.1240000e+001
  1.0000000e+000  3.4500000e+000  2.0850000e+001
  1.0000000e+000  3.5000000e+000  1.8880000e+001
  1.0000000e+000  3.5500000e+000  2.0240000e+001
  1.0000000e+000  3.6000000e+000  2.2140000e+001
  1.0000000e+000  3.6500000e+000  2.1830000e+001
  1.0000000e+000  3.7000000e+000  2.1000000e+001
  1.0000000e+000  3.7500000e+000  2.2450000e+001
  1.0000000e+000  3.8000000e+000  2.3840000e+001
  1.0000000e+000  3.8500000e+000  2.4150000e+001
  1.0000000e+000  3.9000000e+000  2.4050000e+001
  1.0000000e+000  3.9500000e+000  2.3720000e+001
  1.0000000e+000  4.0000000e+000  2.2530000e+001
  1.0000000e+000  4.0500000e+000  2.0510000e+001
  1.0000000e+000  4.1000000e+000  2.0260000e+001
  1.0000000e+000  4.1500000e+000  2.0650000e+001
  1.0000000e+000  4.2000000e+000  2.1170000e+001
  1.0000000e+000  4.2500000e+000  2.0360000e+001
  1.0000000e+000  4.3000000e+000  2.1530000e+001
  1.0000000e+000  4.3500000e+000  2.2020000e+001
  1.0000000e+000  4.4000000e+000  2.3000000e+001
  1.0000000e+000  4.4500000e+000  2.2660000e+001
  1.0000000e+000  4.5500000e+000  2.3120000e+001
  1.0000000e+000  4.6000000e+000  2.4340000e+001
  1.0000000e+000  4.6500000e+000  2.3970000e+001
  1.0000000e+000  4.7000000e+000  2.2740000e+001
  1.0000000e+000  4.7500000e+000  2.4890000e+001
  1.0000000e+000  4.8000000e+000  2.2910000e+001
  1.0000000e+000  4.8500000e+000  2.4830000e+001
  1.0000000e+000  4.9000000e+000  2.3790000e+001
  1.0000000e+000  4.9500000e+000  2.3920000e+001
  1.0000000e+000  5.0000000e+000  2.3330000e+001
  1.0000000e+000  5.0500000e+000  2.3010000e+001
  1.0000000e+000  5.1000000e+000  2.0700000e+001
  1.0000000e+000  5.1500000e+000  2.2920000e+001
  1.0000000e+000  5.2000000e+000  2.2580000e+001
  1.0000000e+000  5.2500000e+000  2.2030000e+001
  1.0000000e+000  5.3000000e+000  2.3790000e+001
  1.0000000e+000  5.3500000e+000  2.4110000e+001
  1.0000000e+000  5.4000000e+000  2.4130000e+001
  1.0000000e+000  5.4500000e+000  2.3980000e+001
  1.0000000e+000  5.5000000e+000  2.5170000e+001
  1.0000000e+000  5.5500000e+000  2.5130000e+001
  1.0000000e+000  5.6000000e+000  2.5600000e+001
  1.0000000e+000  5.6500000e+000  2.4390000e+001
  1.0000000e+000  5.7000000e+000  2.2750000e+001
  1.0000000e+000  5.7500000e+000  2.4070000e+001
  1.0000000e+000  5.8000000e+000  2.0690000e+001
  1.0000000e+000  5.8500000e+000  2.2390000e+001
  1.0000000e+000  5.9000000e+000  2.2170000e+001
  1.0000000e+000  5.9500000e+000  2.2450000e+001
  1.0000000e+000  6.0500000e+000  2.2220000e+001
  1.0000000e+000  6.1000000e+000  2.2060000e+001
  1.0000000e+000  6.1500000e+000  2.1250000e+001
  1.0000000e+000  6.2000000e+000  2.2010000e+001
  1.0000000e+000  6.2500000e+000  2.1320000e+001
  1.0000000e+000  6.3000000e+000  2.0880000e+001
  1.0000000e+000  6.3500000e+000  1.8590000e+001
  1.0000000e+000  6.4000000e+000  1.8790000e+001
  2.0000000e+000  7.0500000e+000  2.2560000e+001
  2.0000000e+000  7.1000000e+000  1.9740000e+001
  2.0000000e+000  7.1500000e+000  2.1080000e+001
  2.0000000e+000  7.2000000e+000  2.0930000e+001
  2.0000000e+000  7.2500000e+000  2.1020000e+001
  2.0000000e+000  7.3000000e+000  2.0960000e+001
  2.0000000e+000  7.3500000e+000  2.1140000e+001
  2.0000000e+000  7.4000000e+000  2.1260000e+001
  2.0000000e+000  7.4500000e+000  2.2960000e+001
  2.0000000e+000  7.5000000e+000  2.1330000e+001
  2.0000000e+000  7.5500000e+000  2.0230000e+001
  2.0000000e+000  7.6000000e+000  2.0200000e+001
  2.0000000e+000  7.6500000e+000  2.0620000e+001
  2.0000000e+000  7.7000000e+000  2.0990000e+001
  2.0000000e+000  7.7500000e+000  2.1550000e+001
  2.0000000e+000  7.8000000e+000  2.1140000e+001
  2.0000000e+000  7.8500000e+000  2.0710000e+001
  2.0000000e+000  7.9000000e+000  2.0920000e+001
  2.0000000e+000  7.9500000e+000  1.9240000e+001
  2.0000000e+000  8.0000000e+000  2.2390000e+001
  2.0000000e+000  8.0500000e+000  1.9380000e+001
  2.0000000e+000  8.1000000e+000  2.3470000e+001
  2.0000000e+000  8.1500000e+000  2.1610000e+001
  2.0000000e+000  8.2000000e+000  1.8990000e+001
  2.0000000e+000  8.2500000e+000  2.0750000e+001
  2.0000000e+000  8.3000000e+000  2.1380000e+001
  2.0000000e+000  8.3500000e+000  2.0860000e+001
  2.0000000e+000  8.4000000e+000  2.0580000e+001
  2.0000000e+000  8.4500000e+000  2.1700000e+001
  2.0000000e+000  8.5500000e+000  2.2010000e+001
  2.0000000e+000  8.6000000e+000  2.2400000e+001
  2.0000000e+000  8.6500000e+000  2.2100000e+001
  2.0000000e+000  8.7000000e+000  2.2150000e+001
  2.0000000e+000  8.7500000e+000  2.1890000e+001
  2.0000000e+000  8.8000000e+000  2.2610000e+001
  2.0000000e+000  8.8500000e+000  2.2120000e+001
  2.0000000e+000  8.9000000e+000  2.4220000e+001
  2.0000000e+000  8.9500000e+000  2.4810000e+001
  2.0000000e+000  9.0000000e+000  2.3560000e+001
  2.0000000e+000  9.0500000e+000  2.2210000e+001
  2.0000000e+000  9.1000000e+000  2.1020000e+001
  2.0000000e+000  9.1500000e+000  2.0960000e+001
  2.0000000e+000  9.2000000e+000  2.1350000e+001
  2.0000000e+000  9.2500000e+000  2.0620000e+001
  2.0000000e+000  9.3000000e+000  2.3150000e+001
  2.0000000e+000  9.3500000e+000  2.2650000e+001
  2.0000000e+000  9.4000000e+000  2.4390000e+001
  2.0000000e+000  9.4500000e+000  2.3430000e+001
  2.0000000e+000  9.5000000e+000  2.3770000e+001
  2.0000000e+000  9.5500000e+000  2.4210000e+001
  2.0000000e+000  9.6000000e+000  2.3710000e+001
  2.0000000e+000  9.6500000e+000  2.3390000e+001
  2.0000000e+000  9.7000000e+000  2.5450000e+001
  2.0000000e+000  9.7500000e+000  2.5660000e+001
  2.0000000e+000  9.8000000e+000  2.3310000e+001
  2.0000000e+000  9.8500000e+000  2.3600000e+001
  2.0000000e+000  9.9000000e+000  2.1710000e+001
  2.0000000e+000  9.9500000e+000  2.1940000e+001
  2.0000000e+000  1.0050000e+001  2.1600000e+001
  2.0000000e+000  1.0100000e+001  2.1790000e+001
  2.0000000e+000  1.0150000e+001  2.0960000e+001
  2.0000000e+000  1.0200000e+001  2.1770000e+001
  2.0000000e+000  1.0250000e+001  1.9450000e+001
  2.0000000e+000  1.0300000e+001  2.0650000e+001
  2.0000000e+000  1.0350000e+001  2.1500000e+001
  2.0000000e+000  1.0400000e+001  2.4910000e+001
  2.0000000e+000  1.0450000e+001  2.4730000e+001
  2.0000000e+000  1.0500000e+001  2.5540000e+001
  2.0000000e+000  1.0550000e+001  2.7400000e+001
  2.0000000e+000  1.0600000e+001  2.6300000e+001
  2.0000000e+000  1.0650000e+001  2.4640000e+001
  2.0000000e+000  1.0700000e+001  2.4750000e+001
  2.0000000e+000  1.0750000e+001  2.1840000e+001
  2.0000000e+000  1.0800000e+001  2.2810000e+001
  2.0000000e+000  1.0850000e+001  2.3960000e+001
  2.0000000e+000  1.0900000e+001  2.2810000e+001
  2.0000000e+000  1.0950000e+001  2.2740000e+001
  2.0000000e+000  1.1000000e+001  2.1840000e+001
  2.0000000e+000  1.1050000e+001  2.2530000e+001
  2.0000000e+000  1.1100000e+001  2.2870000e+001
  2.0000000e+000  1.1150000e+001  2.3520000e+001
  2.0000000e+000  1.1200000e+001  2.3220000e+001
  2.0000000e+000  1.1250000e+001  2.2800000e+001
  2.0000000e+000  1.1300000e+001  2.2010000e+001
  2.0000000e+000  1.1350000e+001  2.2300000e+001
  2.0000000e+000  1.1400000e+001  2.0750000e+001
  2.0000000e+000  1.1450000e+001  2.3500000e+001
  2.0000000e+000  1.1550000e+001  2.3780000e+001
  2.0000000e+000  1.1600000e+001  2.3340000e+001
  2.0000000e+000  1.1650000e+001  2.0360000e+001
  2.0000000e+000  1.1700000e+001  2.0860000e+001
  2.0000000e+000  1.1750000e+001  2.0400000e+001
  2.0000000e+000  1.1800000e+001  1.9560000e+001
  2.0000000e+000  1.1850000e+001  2.0330000e+001
  2.0000000e+000  1.1900000e+001  1.9220000e+001
  2.0000000e+000  1.1950000e+001  1.9970000e+001
  2.0000000e+000  1.2000000e+001  1.9950000e+001
  2.0000000e+000  1.2050000e+001  2.0030000e+001
  2.0000000e+000  1.2100000e+001  2.0280000e+001
  2.0000000e+000  1.2150000e+001  2.1540000e+001
  2.0000000e+000  1.2200000e+001  2.0720000e+001
  2.0000000e+000  1.2250000e+001  2.0930000e+001
  2.0000000e+000  1.2300000e+001  2.0460000e+001
  2.0000000e+000  1.2350000e+001  2.1140000e+001
  2.0000000e+000  1.2400000e+001  2.1760000e+001
  2.0000000e+000  1.2450000e+001  2.0940000e+001
  2.0000000e+000  1.2500000e+001  2.1980000e+001
  2.0000000e+000  1.2550000e+001  2.2120000e+001
  2.0000000e+000  1.2600000e+001  2.3160000e+001
  2.0000000e+000  1.2650000e+001  2.4400000e+001
  2.0000000e+000  1.2700000e+001  2.4600000e+001
  2.0000000e+000  1.2750000e+001  2.3510000e+001
  2.0000000e+000  1.2800000e+001  2.1160000e+001
  2.0000000e+000  1.2850000e+001  2.1320000e+001
  2.0000000e+000  1.2900000e+001  1.8780000e+001
  2.0000000e+000  1.2950000e+001  1.9780000e+001
  2.0000000e+000  1.3050000e+001  2.1370000e+001
  2.0000000e+000  1.3100000e+001  2.1630000e+001
  2.0000000e+000  1.3150000e+001  2.1790000e+001
  2.0000000e+000  1.3200000e+001  2.2730000e+001
  2.0000000e+000  1.3250000e+001  2.0540000e+001
  2.0000000e+000  1.3300000e+001  2.3210000e+001
  2.0000000e+000  1.3350000e+001  2.1500000e+001
  2.0000000e+000  1.3400000e+001  2.3120000e+001
  2.0000000e+000  1.3450000e+001  2.2500000e+001
  2.0000000e+000  1.3500000e+001  2.1010000e+001
  2.0000000e+000  1.3550000e+001  1.9780000e+001
  2.0000000e+000  1.3600000e+001  2.1670000e+001
  2.0000000e+000  1.3650000e+001  2.3390000e+001
  2.0000000e+000  1.3700000e+001  2.2740000e+001
  2.0000000e+000  1.3750000e+001  2.4370000e+001
  2.0000000e+000  1.3800000e+001  2.4490000e+001
  2.0000000e+000  1.3850000e+001  2.3250000e+001
  2.0000000e+000  1.3900000e+001  2.3060000e+001
  2.0000000e+000  1.3950000e+001  2.2730000e+001
  2.0000000e+000  1.4000000e+001  2.6820000e+001
  2.0000000e+000  1.4050000e+001  2.8810000e+001
  2.0000000e+000  1.4100000e+001  2.7910000e+001
  2.0000000e+000  1.4150000e+001  2.8370000e+001
  2.0000000e+000  1.4200000e+001  2.9170000e+001
  2.0000000e+000  1.4250000e+001  2.8430000e+001
  2.0000000e+000  1.4300000e+001  2.5680000e+001
  2.0000000e+000  1.4350000e+001  2.5200000e+001
  2.0000000e+000  1.4400000e+001  2.3090000e+001
  2.0000000e+000  1.4450000e+001  2.2380000e+001
  2.0000000e+000  1.4550000e+001  2.2840000e+001
  2.0000000e+000  1.4600000e+001  2.3740000e+001
  2.0000000e+000  1.4650000e+001  1.9990000e+001
  2.0000000e+000  1.4700000e+001  2.2140000e+001
  2.0000000e+000  1.4750000e+001  2.2940000e+001
  2.0000000e+000  1.4800000e+001  2.2340000e+001
  2.0000000e+000  1.4850000e+001  2.2430000e+001
  2.0000000e+000  1.4900000e+001  2.2460000e+001
  2.0000000e+000  1.4950000e+001  2.1580000e+001
  2.0000000e+000  1.5000000e+001  2.1800000e+001
  2.0000000e+000  1.5050000e+001  2.0440000e+001
  2.0000000e+000  1.5100000e+001  2.1690000e+001
  2.0000000e+000  1.5150000e+001  2.1700000e+001
  2.0000000e+000  1.5200000e+001  2.1130000e+001
  2.0000000e+000  1.5250000e+001  2.1360000e+001
  2.0000000e+000  1.5300000e+001  2.1370000e+001
  2.0000000e+000  1.5350000e+001  2.1060000e+001
  2.0000000e+000  1.5400000e+001  2.1330000e+001
  2.0000000e+000  1.5450000e+001  2.1010000e+001
  2.0000000e+000  1.5500000e+001  2.0870000e+001
  2.0000000e+000  1.5550000e+001  2.0830000e+001
  2.0000000e+000  1.5600000e+001  2.0950000e+001
  2.0000000e+000  1.5650000e+001  2.0520000e+001
  2.0000000e+000  1.5700000e+001  1.9390000e+001
  2.0000000e+000  1.5750000e+001  2.1720000e+001
  2.0000000e+000  1.5800000e+001  1.9230000e+001
  2.0000000e+000  1.5850000e+001  2.2390000e+001
  2.0000000e+000  1.6050000e+001  2.0050000e+001
  2.0000000e+000  1.6100000e+001  2.0270000e+001
  2.0000000e+000  1.6150000e+001  2.0300000e+001
  2.0000000e+000  1.6200000e+001  2.2100000e+001
  2.0000000e+000  1.6250000e+001  2.2080000e+001
  2.0000000e+000  1.6300000e+001  1.9590000e+001
  3.0000000e+000  1.6750000e+001  1.9590000e+001
  3.0000000e+000  1.6800000e+001  2.3350000e+001
  3.0000000e+000  1.6850000e+001  2.2140000e+001
  3.0000000e+000  1.6900000e+001  2.1640000e+001
  3.0000000e+000  1.6950000e+001  2.0350000e+001
  3.0000000e+000  1.7000000e+001  2.0370000e+001
  3.0000000e+000  1.7050000e+001  2.1210000e+001
  3.0000000e+000  1.7100000e+001  2.0620000e+001
  3.0000000e+000  1.7150000e+001  2.1770000e+001
  3.0000000e+000  1.7200000e+001  2.2090000e+001
  3.0000000e+000  1.7250000e+001  2.1200000e+001
  3.0000000e+000  1.7300000e+001  2.1490000e+001
  3.0000000e+000  1.7350000e+001  2.1920000e+001
  3.0000000e+000  1.7400000e+001  2.1120000e+001
  3.0000000e+000  1.7450000e+001  2.2210000e+001
  3.0000000e+000  1.7500000e+001  2.1890000e+001
  3.0000000e+000  1.7550000e+001  2.0320000e+001
  3.0000000e+000  1.7600000e+001  2.0420000e+001
  3.0000000e+000  1.7650000e+001  1.9610000e+001
  3.0000000e+000  1.7700000e+001  2.0440000e+001
  3.0000000e+000  1.7750000e+001  2.1660000e+001
  3.0000000e+000  1.7800000e+001  2.2630000e+001
  3.0000000e+000  1.7850000e+001  2.2560000e+001
  3.0000000e+000  1.7900000e+001  2.0900000e+001
  3.0000000e+000  1.7950000e+001  2.1040000e+001
  3.0000000e+000  1.8050000e+001  2.2390000e+001
  3.0000000e+000  1.8100000e+001  2.3930000e+001
  3.0000000e+000  1.8150000e+001  2.4360000e+001
  3.0000000e+000  1.8250000e+001  2.5730000e+001
  3.0000000e+000  1.8300000e+001  2.5880000e+001
  3.0000000e+000  1.8350000e+001  2.5210000e+001
  3.0000000e+000  1.8400000e+001  2.3570000e+001
  3.0000000e+000  1.8450000e+001  2.3720000e+001
  3.0000000e+000  1.8500000e+001  2.4710000e+001
  3.0000000e+000  1.8550000e+001  2.4300000e+001
  3.0000000e+000  1.8600000e+001  2.4120000e+001
  3.0000000e+000  1.8650000e+001  2.5240000e+001
  3.0000000e+000  1.8700000e+001  2.4320000e+001
  3.0000000e+000  1.8750000e+001  2.3750000e+001
  3.0000000e+000  1.8800000e+001  2.1970000e+001
  3.0000000e+000  1.8850000e+001  2.3010000e+001
  3.0000000e+000  1.8900000e+001  2.0580000e+001
  3.0000000e+000  1.8950000e+001  2.3270000e+001
  3.0000000e+000  1.9000000e+001  2.1090000e+001
  3.0000000e+000  1.9050000e+001  2.0460000e+001
  3.0000000e+000  1.9100000e+001  2.2790000e+001
  3.0000000e+000  1.9150000e+001  2.1910000e+001
  3.0000000e+000  1.9200000e+001  2.1660000e+001
  3.0000000e+000  1.9250000e+001  2.2090000e+001
  3.0000000e+000  1.9300000e+001  2.1700000e+001
  3.0000000e+000  1.9350000e+001  2.1560000e+001
  3.0000000e+000  1.9400000e+001  2.0180000e+001
  3.0000000e+000  1.9450000e+001  2.1160000e+001
  3.0000000e+000  1.9550000e+001  2.1880000e+001
  3.0000000e+000  1.9600000e+001  2.2500000e+001
  3.0000000e+000  1.9650000e+001  2.2980000e+001
  3.0000000e+000  1.9700000e+001  2.3950000e+001
  3.0000000e+000  1.9750000e+001  2.2560000e+001
  3.0000000e+000  1.9800000e+001  2.3830000e+001
  3.0000000e+000  1.9850000e+001  2.5270000e+001
  3.0000000e+000  1.9900000e+001  2.2350000e+001
  3.0000000e+000  1.9950000e+001  2.4300000e+001
  3.0000000e+000  2.0000000e+001  2.2070000e+001
  3.0000000e+000  2.0050000e+001  2.0800000e+001
  3.0000000e+000  2.0100000e+001  2.0340000e+001
  3.0000000e+000  2.0150000e+001  2.0080000e+001
  3.0000000e+000  2.0200000e+001  2.2450000e+001
  3.0000000e+000  2.0250000e+001  2.2630000e+001
  3.0000000e+000  2.0300000e+001  2.1650000e+001
  3.0000000e+000  2.0350000e+001  2.2970000e+001
  3.0000000e+000  2.0400000e+001  2.1680000e+001
  3.0000000e+000  2.0700000e+001  2.0000000e+001
  3.0000000e+000  2.0750000e+001  2.0930000e+001
  3.0000000e+000  2.0800000e+001  2.0210000e+001
  3.0000000e+000  2.0850000e+001  1.9730000e+001
  3.0000000e+000  2.0900000e+001  2.0240000e+001
  3.0000000e+000  2.0950000e+001  1.9940000e+001
  3.0000000e+000  2.1050000e+001  2.0420000e+001
  3.0000000e+000  2.1100000e+001  2.1350000e+001
  3.0000000e+000  2.1150000e+001  2.0820000e+001
  3.0000000e+000  2.1200000e+001  1.8710000e+001
  3.0000000e+000  2.1250000e+001  2.2740000e+001
  3.0000000e+000  2.1300000e+001  2.1940000e+001
  3.0000000e+000  2.1350000e+001  2.0460000e+001
  3.0000000e+000  2.1400000e+001  2.0890000e+001
  3.0000000e+000  2.1450000e+001  2.1500000e+001
  3.0000000e+000  2.1500000e+001  2.2930000e+001
  3.0000000e+000  2.1550000e+001  2.5530000e+001
  3.0000000e+000  2.1600000e+001  1.7860000e+001
  3.0000000e+000  2.1650000e+001  2.5250000e+001
  3.0000000e+000  2.1700000e+001  2.2780000e+001
  3.0000000e+000  2.1750000e+001  2.4700000e+001
  3.0000000e+000  2.1800000e+001  2.1480000e+001
  3.0000000e+000  2.1850000e+001  2.2010000e+001
  3.0000000e+000  2.1900000e+001  2.1430000e+001
  3.0000000e+000  2.1950000e+001  2.1220000e+001
  3.0000000e+000  2.2000000e+001  2.1970000e+001
  3.0000000e+000  2.2050000e+001  2.1480000e+001
  3.0000000e+000  2.2100000e+001  2.0020000e+001
  3.0000000e+000  2.2150000e+001  2.1970000e+001
  3.0000000e+000  2.2200000e+001  2.0950000e+001
  3.0000000e+000  2.2250000e+001  2.3000000e+001
  3.0000000e+000  2.2300000e+001  2.1990000e+001
  3.0000000e+000  2.2350000e+001  2.0150000e+001
  3.0000000e+000  2.2400000e+001  2.1750000e+001
  3.0000000e+000  2.2450000e+001  2.3400000e+001
  3.0000000e+000  2.2550000e+001  2.3590000e+001
  3.0000000e+000  2.2600000e+001  2.2480000e+001
  3.0000000e+000  2.2650000e+001  2.1470000e+001
  3.0000000e+000  2.2700000e+001  2.4920000e+001
  3.0000000e+000  2.2750000e+001  2.3860000e+001
  3.0000000e+000  2.2800000e+001  2.3740000e+001
  3.0000000e+000  2.2850000e+001  2.2760000e+001
  3.0000000e+000  2.2900000e+001  2.4290000e+001
  3.0000000e+000  2.2950000e+001  2.5140000e+001
  3.0000000e+000  2.3000000e+001  2.5930000e+001
  3.0000000e+000  2.3050000e+001  2.6040000e+001
  3.0000000e+000  2.3100000e+001  2.4460000e+001
  3.0000000e+000  2.3150000e+001  2.3430000e+001
  3.0000000e+000  2.3200000e+001  2.2320000e+001
  3.0000000e+000  2.3250000e+001  2.0030000e+001
  3.0000000e+000  2.3300000e+001  2.1920000e+001
  3.0000000e+000  2.3350000e+001  1.8140000e+001
  3.0000000e+000  2.3400000e+001  2.1380000e+001
  3.0000000e+000  2.3450000e+001  2.1580000e+001
  3.0000000e+000  2.3500000e+001  2.1710000e+001
  3.0000000e+000  2.3550000e+001  2.1700000e+001
  3.0000000e+000  2.3600000e+001  2.2030000e+001
  3.0000000e+000  2.3650000e+001  2.1410000e+001
  3.0000000e+000  2.3700000e+001  2.0290000e+001
  3.0000000e+000  2.3750000e+001  1.9810000e+001
  3.0000000e+000  2.3800000e+001  2.1340000e+001
  3.0000000e+000  2.3850000e+001  2.0140000e+001
  3.0000000e+000  2.3900000e+001  1.9330000e+001
  3.0000000e+000  2.3950000e+001  2.0160000e+001
  3.0000000e+000  2.4050000e+001  2.0960000e+001
  3.0000000e+000  2.4100000e+001  2.1750000e+001
  3.0000000e+000  2.4150000e+001  2.1970000e+001
  3.0000000e+000  2.4200000e+001  2.1510000e+001
  3.0000000e+000  2.4250000e+001  2.2820000e+001
  3.0000000e+000  2.4300000e+001  2.1720000e+001
  3.0000000e+000  2.4350000e+001  2.1200000e+001
  3.0000000e+000  2.4400000e+001  1.9790000e+001
  3.0000000e+000  2.4450000e+001  2.0720000e+001
  3.0000000e+000  2.4500000e+001  2.0650000e+001
  3.0000000e+000  2.4550000e+001  1.9930000e+001
  3.0000000e+000  2.4600000e+001  2.1290000e+001
  3.0000000e+000  2.4650000e+001  2.1560000e+001
  3.0000000e+000  2.4700000e+001  2.1970000e+001
  3.0000000e+000  2.4750000e+001  2.1390000e+001
  3.0000000e+000  2.4800000e+001  2.0650000e+001
  3.0000000e+000  2.4850000e+001  2.1260000e+001
  3.0000000e+000  2.4900000e+001  2.1780000e+001
  3.0000000e+000  2.4950000e+001  2.0990000e+001
  3.0000000e+000  2.5000000e+001  2.1080000e+001
  3.0000000e+000  2.5050000e+001  1.7110000e+001
  3.0000000e+000  2.5100000e+001  1.9640000e+001
  3.0000000e+000  2.5150000e+001  1.9740000e+001
  3.0000000e+000  2.5200000e+001  2.1720000e+001
  3.0000000e+000  2.5250000e+001  2.1680000e+001
  3.0000000e+000  2.5300000e+001  2.0140000e+001
  4.0000000e+000  2.6200000e+001  2.5270000e+001
  4.0000000e+000  2.6250000e+001  2.5610000e+001
  4.0000000e+000  2.6300000e+001  2.3460000e+001
  4.0000000e+000  2.6350000e+001  2.0300000e+001
  4.0000000e+000  2.6400000e+001  2.1500000e+001
  4.0000000e+000  2.6450000e+001  2.2720000e+001
  4.0000000e+000  2.6500000e+001  2.3030000e+001
  4.0000000e+000  2.6550000e+001  2.2560000e+001
  4.0000000e+000  2.6600000e+001  2.3850000e+001
  4.0000000e+000  2.6650000e+001  2.3590000e+001
  4.0000000e+000  2.6700000e+001  2.3050000e+001
  4.0000000e+000  2.6750000e+001  2.3260000e+001
  4.0000000e+000  2.6800000e+001  2.3800000e+001
  4.0000000e+000  2.6850000e+001  2.4180000e+001
  4.0000000e+000  2.6900000e+001  2.3180000e+001
  4.0000000e+000  2.6950000e+001  2.4830000e+001
  4.0000000e+000  2.7000000e+001  2.3860000e+001
  4.0000000e+000  2.7050000e+001  2.4360000e+001
  4.0000000e+000  2.7100000e+001  2.4440000e+001
  4.0000000e+000  2.7150000e+001  2.4100000e+001
  4.0000000e+000  2.7200000e+001  2.4410000e+001
  4.0000000e+000  2.7250000e+001  2.4770000e+001
  4.0000000e+000  2.7300000e+001  2.4160000e+001
  4.0000000e+000  2.7350000e+001  2.2970000e+001
  4.0000000e+000  2.7400000e+001  2.0050000e+001
  4.0000000e+000  2.7450000e+001  2.1990000e+001
  4.0000000e+000  2.7550000e+001  2.2400000e+001
  4.0000000e+000  2.7600000e+001  2.2450000e+001
  4.0000000e+000  2.7650000e+001  2.2700000e+001
  4.0000000e+000  2.7700000e+001  2.2270000e+001
  4.0000000e+000  2.7750000e+001  2.2470000e+001
  4.0000000e+000  2.7800000e+001  2.2870000e+001
  4.0000000e+000  2.7850000e+001  2.2800000e+001
  4.0000000e+000  2.7900000e+001  2.2840000e+001
  4.0000000e+000  2.7950000e+001  2.1760000e+001
  4.0000000e+000  2.8000000e+001  2.2240000e+001
  4.0000000e+000  2.8050000e+001  2.0760000e+001
  4.0000000e+000  2.8100000e+001  2.3940000e+001
  4.0000000e+000  2.8150000e+001  2.2730000e+001
  4.0000000e+000  2.8200000e+001  2.3720000e+001
  4.0000000e+000  2.8250000e+001  2.3640000e+001
  4.0000000e+000  2.8300000e+001  2.3180000e+001
  4.0000000e+000  2.8350000e+001  2.3020000e+001
  4.0000000e+000  2.8400000e+001  2.3230000e+001
  4.0000000e+000  2.8450000e+001  2.4810000e+001
  4.0000000e+000  2.8500000e+001  2.6720000e+001
  4.0000000e+000  2.8550000e+001  2.6870000e+001
  4.0000000e+000  2.8600000e+001  2.6890000e+001
  4.0000000e+000  2.8650000e+001  2.4570000e+001
  4.0000000e+000  2.8700000e+001  2.3120000e+001
  4.0000000e+000  2.8750000e+001  2.2360000e+001
  4.0000000e+000  2.8800000e+001  2.2570000e+001
  4.0000000e+000  2.8850000e+001  1.9250000e+001
  4.0000000e+000  2.8900000e+001  2.2110000e+001
  4.0000000e+000  2.8950000e+001  2.0060000e+001
  4.0000000e+000  2.9050000e+001  2.0210000e+001
  4.0000000e+000  2.9100000e+001  2.1910000e+001
  4.0000000e+000  2.9150000e+001  2.2430000e+001
  4.0000000e+000  2.9200000e+001  2.2530000e+001
  4.0000000e+000  2.9250000e+001  2.1430000e+001
  4.0000000e+000  2.9300000e+001  2.2400000e+001
  4.0000000e+000  2.9350000e+001  2.1940000e+001
  4.0000000e+000  2.9400000e+001  2.2210000e+001
  4.0000000e+000  2.9450000e+001  2.1960000e+001
  4.0000000e+000  2.9500000e+001  2.0670000e+001
  4.0000000e+000  2.9550000e+001  2.2760000e+001
  4.0000000e+000  2.9600000e+001  2.2270000e+001
  4.0000000e+000  2.9650000e+001  2.2080000e+001
  4.0000000e+000  2.9700000e+001  2.3590000e+001
  4.0000000e+000  2.9750000e+001  2.4040000e+001
  4.0000000e+000  2.9800000e+001  2.4900000e+001
  4.0000000e+000  2.9850000e+001  2.4400000e+001
  4.0000000e+000  2.9900000e+001  2.4630000e+001
  4.0000000e+000  2.9950000e+001  2.3790000e+001
  4.0000000e+000  3.0000000e+001  2.2250000e+001
  4.0000000e+000  3.0050000e+001  2.2290000e+001
  4.0000000e+000  3.0100000e+001  2.3200000e+001
  4.0000000e+000  3.0150000e+001  2.4040000e+001
  4.0000000e+000  3.0200000e+001  2.3140000e+001
  4.0000000e+000  3.0250000e+001  2.3950000e+001
  4.0000000e+000  3.0300000e+001  2.2620000e+001
  4.0000000e+000  3.0350000e+001  2.2420000e+001
  4.0000000e+000  3.0400000e+001  2.3590000e+001
  4.0000000e+000  3.0450000e+001  2.3690000e+001
  4.0000000e+000  3.0550000e+001  2.4180000e+001
  4.0000000e+000  3.0600000e+001  2.3130000e+001
  4.0000000e+000  3.0650000e+001  2.4570000e+001
  4.0000000e+000  3.0700000e+001  2.5230000e+001
  4.0000000e+000  3.0750000e+001  2.5600000e+001
  4.0000000e+000  3.0800000e+001  2.6460000e+001
  4.0000000e+000  3.0850000e+001  2.6350000e+001
  4.0000000e+000  3.0900000e+001  2.5480000e+001
  4.0000000e+000  3.0950000e+001  2.3920000e+001
  4.0000000e+000  3.1000000e+001  2.3440000e+001
  4.0000000e+000  3.1050000e+001  2.4020000e+001
  4.0000000e+000  3.1100000e+001  2.1960000e+001
  4.0000000e+000  3.1150000e+001  2.2930000e+001
  4.0000000e+000  3.1200000e+001  2.0550000e+001
  4.0000000e+000  3.1250000e+001  2.2500000e+001
  4.0000000e+000  3.1300000e+001  2.1760000e+001
  4.0000000e+000  3.1350000e+001  2.2320000e+001
  4.0000000e+000  3.1400000e+001  2.2680000e+001
  4.0000000e+000  3.1450000e+001  2.2020000e+001
  4.0000000e+000  3.1500000e+001  2.2560000e+001
  4.0000000e+000  3.1550000e+001  2.2000000e+001
  4.0000000e+000  3.1600000e+001  2.2710000e+001
  4.0000000e+000  3.1650000e+001  2.2420000e+001
  4.0000000e+000  3.1700000e+001  2.2110000e+001
  4.0000000e+000  3.1750000e+001  2.0860000e+001
  4.0000000e+000  3.1800000e+001  2.2530000e+001
  4.0000000e+000  3.1850000e+001  2.3130000e+001
  4.0000000e+000  3.1900000e+001  2.2740000e+001
  4.0000000e+000  3.1950000e+001  2.3150000e+001
  4.0000000e+000  3.2050000e+001  2.4230000e+001
  4.0000000e+000  3.2100000e+001  2.4030000e+001
  4.0000000e+000  3.2150000e+001  2.3390000e+001
  4.0000000e+000  3.2200000e+001  2.4610000e+001
  4.0000000e+000  3.2250000e+001  2.3680000e+001
  4.0000000e+000  3.2300000e+001  2.4510000e+001
  4.0000000e+000  3.2350000e+001  2.4040000e+001
  4.0000000e+000  3.2400000e+001  2.2220000e+001
  4.0000000e+000  3.2450000e+001  2.1860000e+001
  4.0000000e+000  3.2500000e+001  2.1750000e+001
  4.0000000e+000  3.2550000e+001  2.2090000e+001
  4.0000000e+000  3.2600000e+001  2.1550000e+001
  4.0000000e+000  3.2650000e+001  2.2550000e+001
  4.0000000e+000  3.2700000e+001  2.2090000e+001
  4.0000000e+000  3.2750000e+001  2.3380000e+001
  4.0000000e+000  3.2800000e+001  2.2780000e+001
  4.0000000e+000  3.2850000e+001  2.3500000e+001
  4.0000000e+000  3.2900000e+001  2.3180000e+001
  4.0000000e+000  3.2950000e+001  2.2130000e+001
  4.0000000e+000  3.3000000e+001  2.2710000e+001
  4.0000000e+000  3.3050000e+001  2.4070000e+001
  4.0000000e+000  3.3100000e+001  2.3210000e+001
  4.0000000e+000  3.3150000e+001  2.2500000e+001
  4.0000000e+000  3.3200000e+001  2.3100000e+001
  4.0000000e+000  3.3250000e+001  2.3570000e+001
  4.0000000e+000  3.3300000e+001  2.4000000e+001
  4.0000000e+000  3.3350000e+001  2.4850000e+001
  4.0000000e+000  3.3400000e+001  2.5320000e+001
  4.0000000e+000  3.3450000e+001  2.5260000e+001
  4.0000000e+000  3.3550000e+001  2.7530000e+001
  4.0000000e+000  3.3600000e+001  2.8130000e+001
  4.0000000e+000  3.3650000e+001  2.7860000e+001
  4.0000000e+000  3.3700000e+001  2.6210000e+001
  4.0000000e+000  3.3750000e+001  2.2110000e+001
  4.0000000e+000  3.3800000e+001  2.1520000e+001
  4.0000000e+000  3.3850000e+001  2.4270000e+001
  4.0000000e+000  3.3900000e+001  2.4960000e+001
  4.0000000e+000  3.3950000e+001  2.5190000e+001
  4.0000000e+000  3.4000000e+001  2.5050000e+001
  4.0000000e+000  3.4050000e+001  2.5170000e+001
  4.0000000e+000  3.4100000e+001  2.4780000e+001
  4.0000000e+000  3.4150000e+001  2.4910000e+001
  4.0000000e+000  3.4200000e+001  2.4110000e+001
  4.0000000e+000  3.4250000e+001  2.4780000e+001
  4.0000000e+000  3.4300000e+001  2.4860000e+001
  4.0000000e+000  3.4350000e+001  2.4160000e+001
  4.0000000e+000  3.4400000e+001  2.1990000e+001
  4.0000000e+000  3.4450000e+001  2.2480000e+001
  4.0000000e+000  3.4500000e+001  2.2650000e+001
  4.0000000e+000  3.4550000e+001  2.2920000e+001
  4.0000000e+000  3.4600000e+001  2.2100000e+001
  4.0000000e+000  3.4650000e+001  2.3380000e+001
  4.0000000e+000  3.4700000e+001  2.3910000e+001
  4.0000000e+000  3.4750000e+001  2.3490000e+001
  4.0000000e+000  3.4800000e+001  2.3710000e+001
  4.0000000e+000  3.4850000e+001  2.4620000e+001
  4.0000000e+000  3.4900000e+001  2.6220000e+001
  4.0000000e+000  3.4950000e+001  2.2400000e+001
  4.0000000e+000  3.5050000e+001  2.5810000e+001
  4.0000000e+000  3.5100000e+001  2.5440000e+001
  4.0000000e+000  3.5150000e+001  2.4760000e+001
  4.0000000e+000  3.5200000e+001  2.4080000e+001
  4.0000000e+000  3.5250000e+001  2.2440000e+001
  4.0000000e+000  3.5300000e+001  2.2950000e+001
  4.0000000e+000  3.5350000e+001  2.3120000e+001
  4.0000000e+000  3.5400000e+001  2.1080000e+001
  4.0000000e+000  3.5450000e+001  2.2900000e+001
  5.0000000e+000  3.6100000e+001  2.3680000e+001
  5.0000000e+000  3.6150000e+001  2.3760000e+001
  5.0000000e+000  3.6200000e+001  2.4440000e+001
  5.0000000e+000  3.6250000e+001  2.4550000e+001
  5.0000000e+000  3.6300000e+001  2.3220000e+001
  5.0000000e+000  3.6350000e+001  2.2160000e+001
  5.0000000e+000  3.6400000e+001  2.1950000e+001
  5.0000000e+000  3.6450000e+001  2.1910000e+001
  5.0000000e+000  3.6500000e+001  2.1270000e+001
  5.0000000e+000  3.6550000e+001  2.0980000e+001
  5.0000000e+000  3.6600000e+001  2.0810000e+001
  5.0000000e+000  3.6650000e+001  2.1400000e+001
  5.0000000e+000  3.6700000e+001  2.2740000e+001
  5.0000000e+000  3.6750000e+001  2.4210000e+001
  5.0000000e+000  3.6800000e+001  2.3570000e+001
  5.0000000e+000  3.6850000e+001  2.3850000e+001
  5.0000000e+000  3.6900000e+001  2.2480000e+001
  5.0000000e+000  3.6950000e+001  2.4670000e+001
  5.0000000e+000  3.7050000e+001  2.6150000e+001
  5.0000000e+000  3.7100000e+001  2.5590000e+001
  5.0000000e+000  3.7150000e+001  2.5710000e+001
  5.0000000e+000  3.7200000e+001  2.4860000e+001
  5.0000000e+000  3.7250000e+001  2.3250000e+001
  5.0000000e+000  3.7300000e+001  2.2160000e+001
  5.0000000e+000  3.7350000e+001  2.2500000e+001
  5.0000000e+000  3.7400000e+001  2.2630000e+001
  5.0000000e+000  3.7450000e+001  2.2200000e+001
  5.0000000e+000  3.7500000e+001  2.3120000e+001
  5.0000000e+000  3.7550000e+001  2.2770000e+001
  5.0000000e+000  3.7600000e+001  2.1890000e+001
  5.0000000e+000  3.7650000e+001  2.2780000e+001
  5.0000000e+000  3.7700000e+001  2.3940000e+001
  5.0000000e+000  3.7750000e+001  2.2910000e+001
  5.0000000e+000  3.7800000e+001  2.2850000e+001
  5.0000000e+000  3.7850000e+001  2.3700000e+001
  5.0000000e+000  3.7900000e+001  2.3250000e+001
  5.0000000e+000  3.7950000e+001  2.3730000e+001
  5.0000000e+000  3.8000000e+001  2.4400000e+001
  5.0000000e+000  3.8050000e+001  2.3920000e+001
  5.0000000e+000  3.8100000e+001  2.4680000e+001
  5.0000000e+000  3.8150000e+001  2.4910000e+001
  5.0000000e+000  3.8200000e+001  2.5580000e+001
  5.0000000e+000  3.8250000e+001  1.7700000e+001
  5.0000000e+000  3.8300000e+001  2.6200000e+001
  5.0000000e+000  3.8350000e+001  2.6910000e+001
  5.0000000e+000  3.8400000e+001  2.7390000e+001
  5.0000000e+000  3.8450000e+001  2.6530000e+001
  5.0000000e+000  3.8550000e+001  2.5240000e+001
  5.0000000e+000  3.8600000e+001  2.5160000e+001
  5.0000000e+000  3.8650000e+001  2.1500000e+001
  5.0000000e+000  3.8700000e+001  2.4380000e+001
  5.0000000e+000  3.8750000e+001  2.3220000e+001
  5.0000000e+000  3.8800000e+001  2.2110000e+001
  5.0000000e+000  3.8850000e+001  2.3410000e+001
  5.0000000e+000  3.8900000e+001  2.3290000e+001
  5.0000000e+000  3.8950000e+001  2.3650000e+001
  5.0000000e+000  3.9000000e+001  2.3200000e+001
  5.0000000e+000  3.9050000e+001  2.4160000e+001
  5.0000000e+000  3.9100000e+001  2.3900000e+001
  5.0000000e+000  3.9150000e+001  2.5270000e+001
  5.0000000e+000  3.9200000e+001  2.5270000e+001
  5.0000000e+000  3.9250000e+001  2.5980000e+001
  5.0000000e+000  3.9300000e+001  2.5420000e+001
  5.0000000e+000  3.9350000e+001  2.4970000e+001
  5.0000000e+000  3.9400000e+001  2.4220000e+001
  5.0000000e+000  3.9450000e+001  1.9300000e+001
  5.0000000e+000  3.9500000e+001  2.3710000e+001
  5.0000000e+000  3.9550000e+001  2.3040000e+001
  5.0000000e+000  3.9600000e+001  2.3120000e+001
  5.0000000e+000  3.9650000e+001  2.3170000e+001
  5.0000000e+000  3.9700000e+001  2.2470000e+001
  5.0000000e+000  3.9750000e+001  2.3970000e+001
  5.0000000e+000  3.9800000e+001  2.2550000e+001
  5.0000000e+000  3.9850000e+001  2.2190000e+001
  5.0000000e+000  3.9900000e+001  2.1910000e+001
  5.0000000e+000  3.9950000e+001  2.2740000e+001
  5.0000000e+000  4.0050000e+001  2.3200000e+001
  5.0000000e+000  4.0100000e+001  2.3050000e+001
  5.0000000e+000  4.0150000e+001  2.4750000e+001
  5.0000000e+000  4.0200000e+001  2.3690000e+001
  5.0000000e+000  4.0250000e+001  2.2740000e+001
  5.0000000e+000  4.0300000e+001  2.2780000e+001
  5.0000000e+000  4.0350000e+001  2.3260000e+001
  5.0000000e+000  4.0400000e+001  2.2480000e+001
  5.0000000e+000  4.0450000e+001  2.1360000e+001
  5.0000000e+000  4.0500000e+001  2.2500000e+001
  5.0000000e+000  4.0550000e+001  2.3090000e+001
  5.0000000e+000  4.0600000e+001  2.5720000e+001
  5.0000000e+000  4.0650000e+001  2.6130000e+001
  5.0000000e+000  4.0700000e+001  2.5890000e+001
  5.0000000e+000  4.0750000e+001  2.6030000e+001
  5.0000000e+000  4.0800000e+001  2.7030000e+001
  5.0000000e+000  4.0850000e+001  2.6860000e+001
  5.0000000e+000  4.0900000e+001  2.6450000e+001
  5.0000000e+000  4.0950000e+001  2.7460000e+001
  5.0000000e+000  4.1000000e+001  2.6630000e+001
  5.0000000e+000  4.1050000e+001  2.6480000e+001
  5.0000000e+000  4.1100000e+001  2.3900000e+001
  5.0000000e+000  4.1150000e+001  1.9800000e+001
  5.0000000e+000  4.1200000e+001  2.2620000e+001
  5.0000000e+000  4.1250000e+001  2.2930000e+001
  5.0000000e+000  4.1300000e+001  2.0230000e+001
  5.0000000e+000  4.1350000e+001  2.2240000e+001
  5.0000000e+000  4.1400000e+001  2.1600000e+001
  5.0000000e+000  4.1450000e+001  1.9460000e+001
  5.0000000e+000  4.1550000e+001  2.5580000e+001
  5.0000000e+000  4.1600000e+001  2.2890000e+001
  5.0000000e+000  4.1650000e+001  2.3640000e+001
  5.0000000e+000  4.1700000e+001  2.3270000e+001
  5.0000000e+000  4.1750000e+001  2.2630000e+001
  5.0000000e+000  4.1800000e+001  2.2270000e+001
  5.0000000e+000  4.1850000e+001  2.2540000e+001
  5.0000000e+000  4.1900000e+001  2.4270000e+001
  5.0000000e+000  4.1950000e+001  2.3790000e+001
  5.0000000e+000  4.2000000e+001  2.4420000e+001
  5.0000000e+000  4.2050000e+001  2.4440000e+001
  5.0000000e+000  4.2100000e+001  2.6110000e+001
  5.0000000e+000  4.2150000e+001  2.5410000e+001
  5.0000000e+000  4.2200000e+001  2.6720000e+001
  5.0000000e+000  4.2250000e+001  2.7700000e+001
  5.0000000e+000  4.2300000e+001  2.7520000e+001
  5.0000000e+000  4.2350000e+001  2.6970000e+001
  5.0000000e+000  4.2400000e+001  2.5810000e+001
  5.0000000e+000  4.2450000e+001  2.6220000e+001
  5.0000000e+000  4.2500000e+001  2.1940000e+001
  5.0000000e+000  4.2550000e+001  2.3440000e+001
  5.0000000e+000  4.2600000e+001  2.4110000e+001
  5.0000000e+000  4.2650000e+001  2.4500000e+001
  5.0000000e+000  4.2700000e+001  2.3680000e+001
  5.0000000e+000  4.2750000e+001  2.3460000e+001
  5.0000000e+000  4.2800000e+001  2.3820000e+001
  5.0000000e+000  4.2850000e+001  2.2320000e+001
  5.0000000e+000  4.2900000e+001  2.2450000e+001
  5.0000000e+000  4.2950000e+001  2.2610000e+001
  5.0000000e+000  4.3050000e+001  2.2140000e+001
  5.0000000e+000  4.3100000e+001  2.1880000e+001
  5.0000000e+000  4.3150000e+001  2.3900000e+001
  5.0000000e+000  4.3200000e+001  2.4930000e+001
  5.0000000e+000  4.3250000e+001  2.4720000e+001
  5.0000000e+000  4.3300000e+001  2.6040000e+001
  5.0000000e+000  4.3350000e+001  2.5690000e+001
  5.0000000e+000  4.3400000e+001  2.5970000e+001
  5.0000000e+000  4.3450000e+001  2.5880000e+001
  5.0000000e+000  4.3500000e+001  2.4850000e+001
  5.0000000e+000  4.3550000e+001  2.5040000e+001
  5.0000000e+000  4.3600000e+001  2.2800000e+001
  5.0000000e+000  4.3650000e+001  2.2480000e+001
  5.0000000e+000  4.3700000e+001  1.7770000e+001
  5.0000000e+000  4.3750000e+001  2.3150000e+001
  5.0000000e+000  4.3800000e+001  2.3460000e+001
  5.0000000e+000  4.3850000e+001  2.3690000e+001
  5.0000000e+000  4.3900000e+001  2.3980000e+001
  5.0000000e+000  4.3950000e+001  2.4230000e+001
  5.0000000e+000  4.4000000e+001  2.2280000e+001
  5.0000000e+000  4.4050000e+001  2.2040000e+001
  5.0000000e+000  4.4100000e+001  2.3590000e+001
  5.0000000e+000  4.4150000e+001  2.3480000e+001
  5.0000000e+000  4.4200000e+001  2.3050000e+001
  5.0000000e+000  4.4250000e+001  2.2630000e+001
  5.0000000e+000  4.4300000e+001  2.3540000e+001
  5.0000000e+000  4.4350000e+001  2.3650000e+001
  5.0000000e+000  4.4400000e+001  2.5330000e+001
  5.0000000e+000  4.4450000e+001  2.1820000e+001
  5.0000000e+000  4.4550000e+001  2.7950000e+001
  5.0000000e+000  4.4600000e+001  2.8450000e+001
  5.0000000e+000  4.4650000e+001  2.9010000e+001
  5.0000000e+000  4.4700000e+001  2.9540000e+001
  5.0000000e+000  4.4750000e+001  2.3970000e+001
  6.0000000e+000  4.5050000e+001  2.7090000e+001
  6.0000000e+000  4.5100000e+001  2.6250000e+001
  6.0000000e+000  4.5150000e+001  2.2320000e+001
  6.0000000e+000  4.5200000e+001  2.4110000e+001
  6.0000000e+000  4.5250000e+001  2.4590000e+001
  6.0000000e+000  4.5300000e+001  2.4000000e+001
  6.0000000e+000  4.5350000e+001  2.4950000e+001
  6.0000000e+000  4.5400000e+001  2.3050000e+001
  6.0000000e+000  4.5450000e+001  2.4650000e+001
  6.0000000e+000  4.5500000e+001  2.3420000e+001
  6.0000000e+000  4.5550000e+001  2.2170000e+001
  6.0000000e+000  4.5600000e+001  2.3430000e+001
  6.0000000e+000  4.5650000e+001  2.5110000e+001
  6.0000000e+000  4.5700000e+001  2.3500000e+001
  6.0000000e+000  4.5750000e+001  2.2310000e+001
  6.0000000e+000  4.5800000e+001  2.1550000e+001
  6.0000000e+000  4.5850000e+001  2.5850000e+001
  6.0000000e+000  4.5900000e+001  2.5030000e+001
  6.0000000e+000  4.5950000e+001  2.6330000e+001
  6.0000000e+000  4.6000000e+001  2.6410000e+001
  6.0000000e+000  4.6050000e+001  2.5500000e+001
  6.0000000e+000  4.6100000e+001  2.3720000e+001
  6.0000000e+000  4.6150000e+001  2.2630000e+001
  6.0000000e+000  4.6200000e+001  2.5460000e+001
  6.0000000e+000  4.6250000e+001  2.7050000e+001
  6.0000000e+000  4.6300000e+001  2.7120000e+001
  6.0000000e+000  4.6350000e+001  2.4230000e+001
  6.0000000e+000  4.6400000e+001  2.4350000e+001
  6.0000000e+000  4.6450000e+001  2.1590000e+001
  6.0000000e+000  4.6550000e+001  2.1950000e+001
  6.0000000e+000  4.6600000e+001  2.4020000e+001
  6.0000000e+000  4.6650000e+001  2.3170000e+001
  6.0000000e+000  4.6700000e+001  2.2560000e+001
  6.0000000e+000  4.6750000e+001  2.4930000e+001
  6.0000000e+000  4.6800000e+001  2.3780000e+001
  6.0000000e+000  4.6850000e+001  2.4780000e+001
  6.0000000e+000  4.6900000e+001  2.5120000e+001
  6.0000000e+000  4.6950000e+001  2.6200000e+001
  6.0000000e+000  4.7000000e+001  2.7950000e+001
  6.0000000e+000  4.7050000e+001  2.7330000e+001
  6.0000000e+000  4.7100000e+001  2.7720000e+001
  6.0000000e+000  4.7150000e+001  2.6660000e+001
  6.0000000e+000  4.7200000e+001  2.5690000e+001
  6.0000000e+000  4.7250000e+001  2.6180000e+001
  6.0000000e+000  4.7300000e+001  2.5890000e+001
  6.0000000e+000  4.7350000e+001  2.5350000e+001
  6.0000000e+000  4.7400000e+001  2.6090000e+001
  6.0000000e+000  4.7450000e+001  2.5600000e+001
  6.0000000e+000  4.7500000e+001  2.3650000e+001
  6.0000000e+000  4.7550000e+001  2.1390000e+001
  6.0000000e+000  4.7600000e+001  2.3890000e+001
  6.0000000e+000  4.7650000e+001  2.4860000e+001
  6.0000000e+000  4.7700000e+001  2.3020000e+001
  6.0000000e+000  4.7750000e+001  2.1370000e+001
  6.0000000e+000  4.7800000e+001  1.9310000e+001
  6.0000000e+000  4.7850000e+001  2.3690000e+001
  6.0000000e+000  4.7900000e+001  2.3830000e+001
  6.0000000e+000  4.7950000e+001  2.3350000e+001
  6.0000000e+000  4.8050000e+001  2.4910000e+001
  6.0000000e+000  4.8100000e+001  2.5610000e+001
  6.0000000e+000  4.8150000e+001  2.4500000e+001
  6.0000000e+000  4.8200000e+001  2.6370000e+001
  6.0000000e+000  4.8250000e+001  2.6890000e+001
  6.0000000e+000  4.8300000e+001  2.6440000e+001
  6.0000000e+000  4.8350000e+001  2.5990000e+001
  6.0000000e+000  4.8400000e+001  2.6040000e+001
  6.0000000e+000  4.8450000e+001  2.4020000e+001
  6.0000000e+000  4.8500000e+001  2.2930000e+001
  6.0000000e+000  4.8550000e+001  2.3200000e+001
  6.0000000e+000  4.8600000e+001  2.4620000e+001
  6.0000000e+000  4.8650000e+001  2.4320000e+001
  6.0000000e+000  4.8700000e+001  2.4540000e+001
  6.0000000e+000  4.8750000e+001  2.2960000e+001
  6.0000000e+000  4.8800000e+001  2.4870000e+001
  6.0000000e+000  4.8850000e+001  2.4550000e+001
  6.0000000e+000  4.8900000e+001  2.0130000e+001
  6.0000000e+000  4.8950000e+001  2.2930000e+001
  6.0000000e+000  4.9000000e+001  2.3770000e+001
  6.0000000e+000  4.9050000e+001  2.3500000e+001
  6.0000000e+000  4.9100000e+001  2.4560000e+001
  6.0000000e+000  4.9150000e+001  2.5650000e+001
  6.0000000e+000  4.9200000e+001  2.3870000e+001
  6.0000000e+000  4.9250000e+001  2.1680000e+001
  6.0000000e+000  4.9300000e+001  2.0260000e+001
  6.0000000e+000  4.9350000e+001  2.3280000e+001
  6.0000000e+000  4.9400000e+001  2.2740000e+001
